Item_Outlet_Sales
1602.2806431595757
1430.8837371251402
556.784496458296
2465.6211188470174
6402.504894994924
1932.2277473005229
705.1914048597276
2300.3721225801205
1537.7482346215327
3093.9162281658428
1944.6536731135784
1411.1529149855105
552.2875998812444
2063.3176491765075
738.6985940946926
2426.1933390213094
3132.6190552112535
3092.8197505209087
2809.4184369614354
487.2604751589429
2865.005046019513
3954.0434833730765
702.8740714473407
323.9511233072043
2939.5863435694073
559.7767204688588
702.8740714473407
2624.4835025873913
3940.1446446150035
1931.3613876858722
84.50490663544302
3097.4096146723286
693.1827652525628
5663.562064199232
2655.800391990704
5577.601493927182
2245.8608317005633
248.110235419068
3101.454646928378
2658.978571790841
2124.465762688375
256.85228786049754
2868.0978077901786
2410.4986094768387
538.7838369483715
1705.5940214137518
172.67051588188897
3092.5145340988597
3972.7132162264184
2070.0788880218965
852.8442695076354
1600.699963264948
2959.5574045342555
2063.3176491765075
5187.132168430317
3095.3632299807514
2926.9711737063576
692.9402306926248
561.1315730547869
1458.2017088472655
2410.4986094768387
3512.516143804807
3431.1653437593336
1552.3194359014105
2443.709871266708
2512.8111614143854
2662.174304835024
4073.3895496981722
2964.2431382671352
3646.4463766064923
2934.062456484037
2662.139454727622
2063.3176491765075
3960.573526566723
4017.2837152963984
2860.415181868093
308.7653060298623
2411.1726412497324
539.8078199334549
2410.4986094768387
2443.709871266708
1579.3726303106803
1553.086874353962
3093.9162281658428
2877.374066775719
1609.3002854770598
3834.7266949677814
3770.1725136936293
702.8740714473407
560.2384802663037
2660.701493433537
5950.756947686697
2663.2320416140337
1575.264047640846
2063.3176491765075
702.8740714473407
2089.1539061386734
2410.4986094768387
3093.3049860236747
1328.4031580558944
2423.4894497292808
1552.3194359014105
2785.398456406612
2063.3176491765075
484.74672551641765
6443.320585519701
547.6988478011637
796.1000358735668
1283.4792334537126
3708.5950141936673
362.92742829306013
3096.374527085058
181.29047051368758
6214.1753842039925
1535.1513953658746
2669.297711229787
852.8442695076354
1491.3024022837533
1548.3863449394428
1932.2277473005229
5019.073490950667
692.9402306926248
1392.7073077776606
1430.8837371251402
3387.6136424117863
5219.171147729818
2055.2964606615765
692.9402306926248
1654.5314836578148
1602.2806431595757
2873.3290345196688
1929.723572887864
1610.1703911413208
221.2709569532643
1328.4031580558944
339.55956152251724
693.1827652525628
1225.9977711974393
236.96280177607085
2426.1933390213094
513.2015489695885
692.9402306926248
1553.9436478839102
2078.8441879510315
1455.5797240802547
2075.3356447738406
2443.709871266708
5072.755644222988
1598.9608107643446
1655.2146675808926
1974.8228181759757
3964.8524918556795
465.359799833989
4040.563173546447
2574.1006768018487
2086.792360684095
703.3520327538179
1007.9297571536842
1349.975795318985
852.8442695076354
2569.8643595548556
3092.5145340988597
3847.2097347119807
3093.176883159533
1121.7987867418547
246.91707140347805
2459.2018021082713
2866.4520478344216
2414.2190515743155
566.3316781573618
3093.9162281658428
2623.821153526718
237.69842803713811
88.005347056851
2424.404668102264
3529.2258994801923
3342.0045482254704
5026.846283163009
1101.6611539044839
6278.86939402331
1589.7944693968384
3116.723837421116
3964.8524918556795
852.8442695076354
265.5347731282138
1679.859103282657
3178.411951923377
3968.018723802097
3768.802545060517
2786.2962517029855
1581.8728342547272
3607.0287360889365
2423.4894497292808
553.906865357647
716.7452697183189
3969.630188307168
564.4753434217826
3100.348727881396
2786.060805467285
175.14931507793204
3045.51399161932
2091.028655370254
3095.712178024385
2481.8544443224914
2063.3176491765075
1934.8673102829152
3968.806671815458
1349.975795318985
3106.7082723654867
1932.2277473005229
3022.137957987667
85.75092117378661
3284.6757973233025
1492.0622791066025
3972.00077934467
2086.792360684095
243.4775059244173
6406.204584212813
2459.636440840779
3987.8619242187324
355.41915487990076
2093.253496702587
2786.060805467285
2888.0414782823636
1927.8259038269694
1430.8837371251402
3493.7071409910213
2589.3101145283913
554.1844466890628
1552.3194359014105
4026.3561790953454
433.03709513173084
1535.1513953658746
1579.3726303106803
1054.7858134886158
1610.1703911413208
2078.07376813605
1932.2277473005229
543.5818253790961
2852.2510346706795
84.84883941464534
3513.496459620671
318.5222014680741
1590.5761967549324
234.71465584966208
1934.8673102829152
702.8740714473407
692.9402306926248
171.36587205308015
4111.777349798475
3954.521147983848
422.78964981320735
224.90357013087618
1591.4144703503798
3801.409666976575
1529.6372784147763
3956.6193466069435
3861.891926300067
1064.5380132158562
693.1827652525628
3075.54587626347
2094.263980573992
2574.1006768018487
4032.41251232082
3095.3632299807514
2787.8592352780965
2874.229669034107
3092.5145340988597
1705.5940214137518
3972.791466266611
3511.8152379526105
1923.7409908675158
3844.342899482355
2412.0732757641704
702.8740714473407
1253.188998179429
2866.886960122529
1007.9297571536842
1923.04783359827
2088.3665141883066
2586.7800952516673
3089.871195909793
2458.018447795949
2424.404668102264
6221.910677943154
4010.863230681338
297.84644887534785
1458.2017088472655
852.8442695076354
851.6794062543725
693.1827652525628
1944.6536731135784
1593.0910691037009
2342.446061109819
3795.106363991416
3101.454646928378
2087.5942058419573
2656.6068157940426
358.04402598506897
693.1827652525628
564.563484927356
2959.6532741157152
3888.7985637703187
1593.0910691037009
1486.6060677962926
2487.7959140601997
4233.648288295271
1575.264047640846
2916.5202612674543
4030.5295508522945
1412.4761749012375
3645.2026060573585
2078.8441879510315
2073.329872979529
1591.4144703503798
1349.975795318985
3902.6976453158895
3093.967335084348
3833.8226878794467
2069.0276174866194
1577.113186531439
2043.1769447909603
2876.137493160644
3124.8624500317414
3115.7286921287446
3271.3428069053084
205.03907275339975
2077.402648808205
851.6794062543725
693.1827652525628
536.0526090777776
3521.631663518392
4109.353491215166
159.7062735855464
1602.2806431595757
1932.2277473005229
930.5590893504425
1593.0910691037009
3372.184403799056
3117.7865297847356
3091.667145768335
692.9402306926248
2786.84545822152
3846.340794710069
1602.2806431595757
2670.194785859117
2410.4986094768387
5813.185966499498
2410.4986094768387
1549.006953125262
3095.712178024385
704.2010537245895
237.57857408476139
692.9402306926248
3513.3282236725645
3097.4096146723286
3887.143776806578
851.6794062543725
2866.4520478344216
2865.005046019513
564.6326547850223
2089.1539061386734
1422.20423969181
702.8740714473407
693.1827652525628
2063.3176491765075
1891.0503600205368
1592.2304284669576
2646.885629241232
2577.429425284221
3953.7640615467385
338.0580341767135
309.5378238828781
3941.7661766612528
4017.816154987428
1569.3514478711504
4103.184969307713
550.7398395185133
2423.4894497292808
3510.8652499362615
1575.264047640846
2960.1545818782047
1411.1529149855105
84.98972625448171
1701.7102675292713
236.57962358405274
486.6785504413205
2865.6673950801865
2063.3176491765075
1501.015782992329
3093.176883159533
4018.462551193943
2073.329872979529
406.46781644051674
2078.07376813605
2423.4894497292808
1432.8833857223806
1680.6855540689915
2958.956919713588
1932.2277473005229
2063.3176491765075
704.2010537245895
2650.3379926402085
238.3974745491084
2658.169799369154
3093.9162281658428
796.1000358735668
3093.9162281658428
1458.2017088472655
350.20501759382915
3102.901648743287
2875.049571914843
852.8442695076354
3089.871195909793
1705.5940214137518
257.3255620133355
3514.976927138485
694.8902853699625
550.0329784797559
5209.056815868499
1589.7944693968384
1103.374517384871
1007.9297571536842
2011.0561601938482
2089.1539061386734
3714.981113017138
3950.859342637038
1250.2256778282724
3967.8399855846733
1007.2623960349397
1501.015782992329
2657.269164854716
420.4702462225635
1944.6536731135784
3089.259953767625
5636.221282963282
172.82661475917902
1489.8623462350522
3403.1876320177153
2752.459239165941
1973.9706464602446
2853.698036485588
694.4960348469516
1607.8057182408113
3085.9910065698987
1744.6134161806747
2785.398456406612
3964.0862831301856
5241.546381552735
2410.4986094768387
370.0701204705356
231.6235021243793
3093.176883159533
2073.329872979529
2863.9330887186225
1575.264047640846
1690.9218252535009
1430.8837371251402
3721.416002830607
1576.238364920006
2423.4894497292808
1925.6237959855885
917.8542180382183
2412.61358669329
5034.689475326892
417.1016521098101
1461.0056423358249
692.9402306926248
4021.1916852899076
1587.586100902995
4012.377783956319
1610.1703911413208
2588.647765467718
84.14498486634174
81.06205681250297
851.6794062543725
3107.37062142616
3117.175693943653
221.5458153798486
711.6999670696023
3733.384872095879
1492.0622791066025
2593.643781994433
3967.854905697386
3829.0835458997653
1891.0503600205368
3722.3470413960176
2865.005046019513
4005.038741377394
1349.975795318985
2574.9897324547264
4019.1785167758617
2916.5202612674543
1411.1529149855105
407.0488499271349
3271.2089623057464
1974.8228181759757
4182.3784347257015
3093.9615359137683
2456.3267938694216
2100.9770568234244
501.7943548858759
1422.20423969181
3832.2347772919866
693.1827652525628
3345.596635605587
225.67017151228399
1893.8156848704632
3035.9157304873747
3515.2192013797558
3454.4809874225575
3999.4020364700677
171.90782687040067
1610.1703911413208
2866.4520478344216
2527.2343142300233
241.754766315574
3960.936605079572
2465.6211188470174
540.9783096914745
1891.0503600205368
702.8740714473407
693.1827652525628
2069.0276174866194
5620.114750006057
6380.10114010998
2763.137938159232
1670.3209046775553
517.8318403812085
2926.9711737063576
1349.975795318985
3092.5145340988597
1552.3194359014105
1901.8697397614596
544.6945647594775
3101.454646928378
1911.8584617639524
3507.3304690163573
2086.792360684095
3800.9804271194967
2525.198482467077
404.7477589840792
1436.570604393257
213.5831747464563
4052.9580129794304
6369.570352151736
2608.346440571571
499.16705989299237
4010.6132602613534
4066.861079424144
907.8563806763417
1602.2806431595757
404.0229463624177
4021.883836147559
2645.375966671971
1576.238364920006
3372.010101745461
358.7870125469847
2762.761375182439
3127.1165534076913
2538.318354191756
875.8452755180424
3519.928953587174
3095.208228416011
3095.3632299807514
3847.3441758452364
4085.3676333035614
2410.882760448207
1600.699963264948
3093.9162281658428
1356.4356126762984
2758.165508186011
1591.4144703503798
1657.155329390793
2658.1659335538034
211.56768222903258
237.652961235463
851.6794062543725
542.5565697076628
2096.929950577873
2959.5574045342555
324.5524533397248
4030.4322117732513
2672.211127019802
1535.1513953658746
3124.8624500317414
3961.538884743754
693.1827652525628
3133.281404271927
2575.8780205706703
4053.753469020576
1411.818903667946
2588.647765467718
3349.4558904625205
3075.54587626347
693.1827652525628
2063.3176491765075
2063.3176491765075
3046.963430611849
2504.175568627315
3228.100514380043
3044.6169169899904
2651.755359734654
1890.3221925151504
2086.792360684095
5566.421409480795
2073.329872979529
1458.2017088472655
702.8740714473407
399.89330480666933
395.88123573126074
1926.268095551137
3386.6321532276816
3662.1280605888683
2423.199568927755
325.1634588358576
1530.4798793592483
796.1000358735668
1101.2778873674467
259.7535356024498
468.1681340701105
208.66926018978515
2041.3302632749526
2642.5030811266574
2865.380090533531
2102.663312359673
693.1827652525628
3106.7082723654867
1501.015782992329
852.8442695076354
2089.1539061386734
1657.155329390793
1432.8833857223806
1063.4248666452695
1354.4528682197931
217.2878802208847
2112.7968078802824
538.7626974848896
1438.9388373945887
3352.006827403222
852.8442695076354
2426.9133840835048
5187.508725025307
3092.5145340988597
1593.0910691037009
2411.1726412497324
2086.792360684095
2648.3326310561406
1007.9297571536842
440.68130496714895
1903.4030224486828
4038.653097134783
2046.6566138920693
2865.005046019513
2865.763861730193
3963.190717675117
702.8740714473407
261.35667519103106
4979.18813744117
4709.708425069779
2878.1270956314834
3092.5145340988597
3901.343042430883
3837.356344907158
693.1827652525628
1589.7944693968384
2745.7716414732117
1600.699963264948
2657.269164854716
3411.9263526141804
692.9402306926248
3666.5384553277872
3967.1897451206273
2086.792360684095
82.81613886297129
1602.2806431595757
1799.6109715877353
692.9402306926248
1926.268095551137
2865.005046019513
1610.1703911413208
6016.629518696831
2064.3725207230555
541.9248462476306
2752.459239165941
3101.454646928378
2063.3176491765075
3092.5145340988597
3510.8652499362615
89.03121634254872
6379.931470943553
1288.7979405891278
2063.3176491765075
2094.263980573992
340.4931721171392
1590.5761967549324
4007.4432005971926
693.1827652525628
2876.6800938165748
2490.330503818887
3619.554921622953
1927.8259038269694
1598.9608107643446
551.3125176113451
1814.8895514357082
3118.448878845409
692.9402306926248
3713.353917321949
3406.105167178201
3101.454646928378
3606.8356719856606
2756.504271421991
3514.5527329437227
702.8740714473407
1600.699963264948
2411.3992439912768
2597.034731158322
261.228747875296
2876.137493160644
693.1827652525628
1529.6372784147763
563.1852366242998
247.7868672424936
2525.198482467077
3615.267914180487
2876.137493160644
1044.8302503897448
1582.69456741101
5448.306042428292
2865.005046019513
1589.7944693968384
1590.5761967549324
3094.7519878385833
342.46875046410406
2463.6212350920855
2044.0834972738796
3285.3767031754996
702.8740714473407
3715.7133334991063
1593.0910691037009
2060.6086772418084
1932.2277473005229
3092.5145340988597
2465.6211188470174
3796.440490745814
2078.8441879510315
4007.8646397029975
3348.7489097858675
4019.742545023039
852.8442695076354
6433.788175070234
3100.280494934555
2647.5479783019055
791.4466188935473
2063.3176491765075
2907.6462391210084
2063.3176491765075
2073.329872979529
2153.5848713370174
1195.9763920066653
3797.640867174981
2070.0788880218965
2917.4208957818923
1455.5797240802547
3091.667145768335
2073.329872979529
5020.576852303055
2094.263980573992
1588.9814000646566
2781.3534241505618
1306.2030140116906
3451.2345549092447
2877.3424428772482
86.50975205467648
410.99716140773785
2865.005046019513
3150.964691658726
2876.6800938165748
2457.504587761192
4087.7883393515235
1346.0166412965639
1945.3858907409217
1129.1951793905378
693.1827652525628
2860.9600137634634
574.9249501395972
1501.015782992329
3349.020250247958
692.9402306926248
1923.04783359827
2877.374066775719
3666.5384553277872
702.8740714473407
3998.5573599793515
1931.3613876858722
1486.6060677962926
3720.6158871028015
703.3520327538179
2960.1981060110857
554.2944821852225
1575.264047640846
3093.9162281658428
2781.3534241505618
242.57668690864273
1530.4798793592483
2916.5202612674543
2578.214078038456
3094.578577226516
2865.763861730193
2410.4986094768387
2063.3176491765075
2918.867897596801
1576.238364920006
1455.5797240802547
2411.1726412497324
2906.4557238050447
2639.5502181749102
3829.0835458997653
2658.49960631327
2959.5574045342555
90.2569844226692
4062.906899464366
276.03056993667747
1934.8673102829152
536.8192571757176
1409.4839091856422
2588.647765467718
3095.712178024385
693.1827652525628
852.8442695076354
1416.448492720782
172.5802473070148
3907.135649857062
1923.04783359827
2086.792360684095
2657.2688589244735
3092.5145340988597
2865.005046019513
2488.4434047190075
756.2580652322259
4212.941655538856
373.0388084090683
692.9402306926248
790.7962815563284
2766.154618138654
544.687566684804
2086.792360684095
705.9672308823416
2063.3176491765075
3088.46950184281
3242.8006086118394
4007.738029403029
6428.16560813687
2866.4520478344216
693.1827652525628
3818.546468938767
1589.7944693968384
2785.398456406612
410.4099593517286
3521.377054509505
1891.0503600205368
5831.328840201992
2054.454995512706
1349.975795318985
1600.699963264948
472.20922166566095
6433.692899654204
2877.374066775719
2086.792360684095
4022.0806874977466
2093.253496702587
361.3777129116306
919.7805962483475
2786.84545822152
2402.124614264443
95.21281436510853
1470.1935376450124
1349.975795318985
694.4960348469516
705.1914048597276
1530.4798793592483
5204.5028988417525
3046.2772216490876
1590.5761967549324
4701.394105820543
3089.259953767625
2684.189616656744
549.0356197316028
336.99670279973515
2645.140352302176
990.3085052596794
1458.2017088472655
1458.2017088472655
3095.712178024385
1458.2017088472655
3765.0069373773413
3933.4750921535824
1666.7174063072252
1253.188998179429
1610.1703911413208
693.1827652525628
1705.5940214137518
2439.058191033898
325.36987464675536
3093.9162281658428
2650.3563384911904
2071.6554890609973
1487.4789730451698
2879.0277301459214
692.9402306926248
2790.5211425683838
104.72796074285102
2757.1666204826643
1900.1952155945996
2426.9133840835048
2964.2431382671352
549.9696087380299
1891.0503600205368
5022.824665548775
1551.1510446634013
2655.704337614892
1579.3726303106803
2642.5030811266574
2423.4894497292808
702.8740714473407
1602.2806431595757
2301.4244797851397
3841.450088432431
2086.792360684095
1811.417430863305
112.56205260053218
5923.001703344243
3833.728681393316
2411.1726412497324
4980.3153058693915
1705.5940214137518
304.45961030999615
2423.4894497292808
273.24780567922784
3964.8524918556795
5378.81737124446
1932.2277473005229
2552.871512080025
419.34054128561894
1354.4528682197931
228.60864941477809
709.6316447706713
702.8740714473407
2479.7970738926197
1102.7582243705854
3794.10669792867
4137.5205046857645
1412.4761749012375
2002.6928490278879
943.9896024407543
1412.4761749012375
1593.0910691037009
2458.6951030771556
851.6794062543725
2460.3709657265917
2069.0276174866194
4114.7667276131015
3106.7082723654867
595.1314920873808
2112.7968078802824
1933.972412617211
2073.329872979529
3514.976927138485
2638.4782608740197
230.80827753966898
5429.406991247771
2086.792360684095
5391.057900741368
2623.821153526718
692.9402306926248
2926.9711737063576
1102.6484871441303
2069.0276174866194
2863.5154181381686
1635.4981451309593
2623.821153526718
1293.9464374213744
2790.5211425683838
4014.6456268345332
3100.348727881396
1430.8837371251402
3095.712178024385
852.8442695076354
1251.1459119817023
3419.78853635507
1576.238364920006
1593.0910691037009
2525.198482467077
3849.3437551585826
6057.367002003367
3811.3323975703743
2410.4986094768387
1610.1703911413208
2094.263980573992
1455.5797240802547
3076.212866854011
2658.978571790841
3261.95734357589
3963.703502189912
1600.699963264948
3095.712178024385
3095.712178024385
1701.7102675292713
3095.712178024385
3952.935082865269
2073.329872979529
346.8715028265289
2470.2232297513356
1146.1192675379045
1064.5380132158562
1701.7102675292713
1251.1459119817023
3093.9162281658428
2875.489578500611
3089.871195909793
6069.860546972816
2076.3662383128826
3348.4999933768086
391.1385583497246
692.9402306926248
733.9329991342704
3760.991087696921
3101.011076942069
2622.309562065137
3398.024940213375
907.8563806763417
2063.3176491765075
3089.871195909793
1430.8837371251402
1545.7184366031395
5916.653917110179
4064.3531154984616
1591.4144703503798
5180.992841708119
2069.0276174866194
2819.8530139131476
3093.9162281658428
541.2311675050942
5770.521177441486
2410.4986094768387
2063.3176491765075
296.23528884198447
1129.1951793905378
2649.543700254153
2852.2510346706795
852.8442695076354
2186.884882308958
363.4166061142073
3591.897985166198
1436.570604393257
2073.329872979529
2583.7622371027946
2095.113885907124
3096.374527085058
2035.767506161381
2086.792360684095
2459.636440840779
3348.960095758989
693.1827652525628
84.41829033132427
6443.320585519701
692.9402306926248
3636.804652749152
4018.2697062370257
100.20261093306748
553.5640024354234
2025.413125005354
1293.07418893284
1587.586100902995
3585.4822691695913
4000.2679711040046
693.1827652525628
2066.22394821129
1441.8820752215508
1251.1459119817023
1589.7944693968384
1455.5797240802547
362.918905467445
3954.0434833730765
1251.1459119817023
1923.7409908675158
1811.4557892684302
1251.1459119817023
2460.3709657265917
1455.5797240802547
3405.4507433919866
1680.6855540689915
4068.4613474192647
3887.143776806578
930.5590893504425
2507.310583690728
852.8442695076354
1354.4528682197931
4019.180865609354
1592.2304284669576
2412.0732757641704
1501.015782992329
1605.9758844237456
693.1827652525628
704.2010537245895
1659.7738934773458
1007.2623960349397
2860.7805418384955
209.6196887264534
2864.9792089759576
1590.5761967549324
2656.4627410513776
692.9402306926248
3095.712178024385
2063.3176491765075
4013.1162999007624
2962.6759466380963
2063.3176491765075
3507.933424057366
3979.2467594736286
4843.630156350086
3101.454646928378
3596.003692711276
3093.3049860236747
3092.5145340988597
2672.211127019802
271.95596825466237
917.8542180382183
1416.448492720782
2092.549070598461
4138.866029435961
1412.4761749012375
1535.1513953658746
3115.7286921287446
363.5728869896474
2071.6554890609973
2458.018447795949
5236.062955512732
1430.129696411107
3272.792245897838
1587.586100902995
2041.3302632749526
851.6794062543725
2078.8441879510315
2090.0794549858138
692.9402306926248
2191.598042775689
692.9402306926248
1552.3194359014105
397.759435592463
3762.653969346134
693.1827652525628
3581.089267222448
692.9402306926248
2878.1270956314834
2426.1933390213094
3841.4822475514015
3093.5066199256253
1354.4528682197931
2089.1539061386734
1145.0261724578268
3093.9615359137683
4067.1204527607943
2013.7670398625328
408.19531772307744
2063.3176491765075
3975.676497803182
1588.9814000646566
1591.4144703503798
2063.3176491765075
2098.953181755819
3899.8697495177107
3045.51399161932
1680.6855540689915
1501.015782992329
2311.7765213166513
852.8442695076354
692.9402306926248
3708.4355065107097
3089.871195909793
1681.2517681779907
2089.1539061386734
2411.1726412497324
3089.259953767625
2446.7994098182726
693.1827652525628
2486.935345690721
2458.6951030771556
3093.211626168119
1050.9726483717907
1129.1951793905378
540.1426284529249
3341.2192633726277
3125.6695515927827
6237.973948411033
296.49196384760313
247.90636664453467
702.8740714473407
702.8740714473407
1577.113186531439
2410.4986094768387
2465.6211188470174
2439.058191033898
2504.4600211599904
600.1013907236176
1602.2806431595757
2459.636440840779
3809.102439514817
702.4019230338545
1575.264047640846
3724.8279678100876
2643.7243596451876
692.9402306926248
2460.3709657265917
2589.490318468347
1497.12699304386
4068.397432832768
1354.4528682197931
1901.8697397614596
1705.5940214137518
1103.374517384871
5365.281662674417
2410.4986094768387
2043.1769447909603
295.97153326206467
3093.3049860236747
2434.4843719327896
1288.7979405891278
1276.013916169046
1101.4438111014247
852.8442695076354
1591.4144703503798
3435.7845570162053
217.94785181756714
317.7792309242086
2957.7974860388167
2860.7805418384955
2790.5211425683838
684.6267019198948
3513.8705282786605
2511.150856755288
3093.9162281658428
2402.124614264443
3091.122313872965
4056.1328950981833
2878.1270956314834
2411.1726412497324
702.8740714473407
3819.4418433691276
2479.627485594254
298.4813398015541
3510.8652499362615
1552.3194359014105
1327.634994855269
1881.0802423514278
3970.0835662870413
568.0254017537316
2465.6211188470174
3999.2451400152654
465.8675813213388
3042.7450750528415
2658.169799369154
3091.667145768335
1430.8837371251402
692.9402306926248
1635.4981451309593
3911.5485911392093
1931.3613876858722
5524.633623210303
692.9402306926248
414.09151397256903
1598.9608107643446
1430.8837371251402
258.48727163479407
2927.633522767031
6434.705089902264
2865.005046019513
2877.374066775719
1587.586100902995
875.8452755180424
1974.8228181759757
3036.891758319669
3092.5145340988597
572.1207522832254
5192.026765002658
1102.0039176081875
3512.8715112756618
168.81454419644695
932.9394816464894
1508.8605432569204
2865.6673950801865
1748.9404201425732
1610.1703911413208
2480.4880539637325
80.62651050197822
1455.5797240802547
2011.0561601938482
1283.4792334537126
693.1827652525628
2650.636287140565
1102.7582243705854
436.02896794350295
4045.8945640866364
1901.8697397614596
1552.3194359014105
494.8568415945088
852.8442695076354
900.9506675250294
3834.906639671556
1707.4110575766883
692.9402306926248
3964.3962770765393
2748.1192778025584
545.804248403671
2657.269164854716
3094.7519878385833
1438.9388373945887
692.9402306926248
3092.5145340988597
2842.2127188913873
2864.3168599152846
1811.417430863305
1535.1513953658746
3510.509882465407
3030.046388733233
2864.3168599152846
694.4960348469516
3845.829314415309
3830.6431776699487
231.89713266245585
3844.3818389138028
2864.3168599152846
336.2031360132033
4006.064374230843
3089.891150895508
693.1827652525628
2062.4092003760384
2866.4520478344216
2961.168333301835
208.27235730405755
692.9402306926248
1438.9388373945887
556.3446415193303
2096.929950577873
2439.058191033898
488.15571336789543
1904.682082207355
2412.0732757641704
506.57522388980266
2512.711383694705
6103.837175009842
3101.454646928378
4025.0634081239828
1329.0422829308413
1579.3726303106803
2585.7543011065295
1284.2559484404562
3118.448878845409
3733.2451566256286
2488.6965485746377
3812.574195417539
410.89860359410693
851.6794062543725
370.7259179856254
2429.877040628353
2529.569066996939
3466.9065913580616
3814.2995316944216
478.4172570120317
556.8084779668679
3093.176883159533
3093.9162281658428
2585.7543011065295
2479.627485594254
4009.4786771345657
6377.275483776886
1007.9297571536842
519.0707256176205
2071.6554890609973
1932.2277473005229
1399.3254530533072
3709.418811119611
2055.2964606615765
4009.750745245098
3592.7005951342685
150.6485028167409
2063.3176491765075
3117.9436643794393
5634.814000104991
3093.9162281658428
2766.154618138654
694.4960348469516
2458.018447795949
2465.6211188470174
692.9402306926248
2643.7101226957416
4130.999844229431
2865.005046019513
1545.7184366031395
852.8442695076354
442.2679563446834
276.36667024250164
1591.4144703503798
2093.253496702587
1686.5428660905823
2413.514221207728
2043.1769447909603
2088.3665141883066
959.6142589961621
1657.155329390793
6423.612949286558
441.52436112330247
2434.4843719327896
2789.4491852674932
1591.4144703503798
3962.5723507923794
3106.0028187032362
1901.0569604981108
692.9402306926248
2848.20600241463
3101.454646928378
1001.0862537951868
3093.9162281658428
1593.0910691037009
2063.3176491765075
1328.4031580558944
3036.6789605171425
919.0799856787559
2599.427780147909
702.8740714473407
2063.3176491765075
2429.877040628353
907.8563806763417
693.1827652525628
3093.3049860236747
296.21483273142434
3771.234186652178
3935.4682313564886
852.8442695076354
546.3252743673395
1593.0910691037009
2063.3176491765075
1535.1513953658746
2465.6211188470174
4032.4929453207865
493.87826037043027
2086.792360684095
3768.3738402870144
1591.4144703503798
2888.0414782823636
2412.61358669329
3803.8699347563656
702.8740714473407
6250.481822848775
2411.1726412497324
294.4763702254924
2872.635061560525
4076.115879836191
1100.661594353161
1932.2277473005229
3093.3049860236747
3095.3632299807514
3803.745175930686
2852.2510346706795
692.9402306926248
2512.669994023757
3715.8269475131574
570.8725798066887
1924.7524759002488
1102.4418296034942
3342.4578280129053
1590.5761967549324
5686.222904472512
3766.896079806898
6163.497128305406
2076.3662383128826
2076.3662383128826
2657.5074503084807
5645.067006747131
6447.4100728876665
3511.566155788458
1530.4798793592483
2656.6068157940426
3809.8005016803795
1349.975795318985
1007.2623960349397
3419.6169191655604
311.4107802866729
2508.2076583200583
1928.7415855300585
3909.273058055539
3318.1244188134124
739.2990305538905
692.9402306926248
99.47582656307063
3093.9162281658428
756.2580652322259
692.9402306926248
3963.6852256379298
2458.6951030771556
232.1976889200998
2013.7670398625328
562.9721324964016
6410.992064586426
2062.4092003760384
167.3408297908968
2643.6933504872673
1577.113186531439
2657.3633755658157
3512.8715112756618
264.37943880891294
2063.3176491765075
2525.2385486120365
692.9402306926248
2094.263980573992
2865.005046019513
84.4460835908821
201.09670820804627
268.5678214133899
2073.329872979529
1576.238364920006
699.7289130538092
2862.504494163247
2863.244902614394
2662.139454727622
273.5465482006772
1458.2017088472655
1590.5761967549324
693.1827652525628
2095.113885907124
539.0402712407871
547.0017752692451
3102.901648743287
693.1827652525628
3846.3339679645337
2410.4986094768387
2639.5502181749102
1815.0281477848525
2410.4986094768387
1579.3726303106803
2552.3481021659513
1657.155329390793
694.4960348469516
1677.4314500742787
271.5462353853514
692.9402306926248
3999.2553581291863
208.83606161800648
5363.457927238225
2588.647765467718
3093.9162281658428
2060.6086772418084
543.5773776859935
2426.5011518157166
2658.169799369154
2435.934983542508
2410.4986094768387
1574.6650821532796
852.8442695076354
4021.2517088162767
1654.5314836578148
942.1066187248359
427.0701629691227
2063.3176491765075
336.86169027631274
1552.3194359014105
4027.5461371914926
3101.454646928378
1422.20423969181
2874.148937400405
1102.7582243705854
5556.848650060823
1291.2265113627184
2865.905680533951
692.9402306926248
3957.1154426147737
2062.4092003760384
552.0156907688325
2073.329872979529
702.8740714473407
1610.1703911413208
3951.7096215332044
3106.7082723654867
2063.3176491765075
2472.434927306334
3465.3443858359874
2863.9330887186225
1593.0910691037009
1102.0588839799063
2643.6933504872673
1610.1703911413208
547.190880086712
3095.712178024385
494.3439179378588
2073.329872979529
907.8563806763417
3955.151880806516
3652.5453061091466
3093.3049860236747
2633.199377344409
3010.155252824033
1328.4031580558944
1567.551426507549
2434.4843719327896
3101.454646928378
1060.24155857129
6136.586024833446
3093.9162281658428
2876.6800938165748
1119.0236315185925
3092.5145340988597
162.34630282087787
2423.4894497292808
3838.815996391626
692.9402306926248
3176.6665417510594
84.66271504727794
1610.1703911413208
3093.9162281658428
990.3085052596794
2410.4986094768387
3401.422277812658
4039.1610405554225
2063.3176491765075
2781.3534241505618
1602.2806431595757
3884.852118414045
2865.005046019513
3101.454646928378
84.06796484206615
3739.422713440028
3046.963430611849
1411.818903667946
692.9402306926248
4118.156885374717
1934.8673102829152
3955.666234890724
900.9506675250294
4215.401397561164
3092.8442708649523
3117.7865297847356
3101.454646928378
702.8740714473407
2864.3168599152846
567.6653896904971
3610.9251675471937
1593.0910691037009
3462.956152721035
382.38575013190666
2435.934983542508
1901.8697397614596
233.27977740634955
852.8442695076354
3093.3049860236747
3762.1000706548816
930.5590893504425
2078.8441879510315
692.9402306926248
1946.4079276861612
851.6794062543725
2861.442890899169
1593.0910691037009
3973.935850071644
1667.603453580431
241.88651109691972
2877.580728331013
4051.969558900209
1470.1935376450124
3843.6910825647656
1101.2778873674467
3093.9162281658428
3117.7865297847356
1567.551426507549
1577.113186531439
917.8542180382183
4035.2212266496585
194.2982361258586
2410.4986094768387
1501.015782992329
3762.9188019785347
2073.329872979529
2784.6624941326404
2659.6153725463328
1457.6782681391533
271.8300947318333
3091.6446339204626
3101.454646928378
2527.2343142300233
1422.20423969181
702.8740714473407
1576.238364920006
692.9402306926248
1666.7174063072252
3116.723837421116
2063.3176491765075
692.9402306926248
2410.4986094768387
2426.9133840835048
1960.072664555758
692.9402306926248
3640.9929294231893
1100.9953346546665
1602.2806431595757
2086.792360684095
2073.329872979529
1558.1733049378156
3952.935082865269
3117.7865297847356
3717.411576580659
2412.61358669329
217.92129349576086
2046.6566138920693
3036.1285282899016
2054.454995512706
4009.05027326606
2538.318354191756
4163.316849071824
2402.124614264443
422.4083003041369
1121.7987867418547
2865.005046019513
2456.3267938694216
2756.504271421991
1891.0503600205368
3036.1285282899016
1101.3423618218549
5410.476155010009
3811.3170690858824
2089.1539061386734
2054.454995512706
3096.374527085058
3538.276523623363
2402.124614264443
405.0547880955138
1328.4031580558944
2459.636440840779
2076.3662383128826
1577.113186531439
704.2010537245895
2721.8075269309697
702.8740714473407
410.61452063033755
1857.475726651499
556.3892615884453
177.74231095935605
2916.5202612674543
693.1827652525628
2426.1933390213094
2582.315235287886
2840.266773679586
4018.1152841495887
1529.6372784147763
3092.5145340988597
3892.2571923911655
2410.4986094768387
710.597547230951
3093.9162281658428
3093.3049860236747
852.8442695076354
2411.1726412497324
3719.8144710635784
3403.8885378699124
2410.4986094768387
3095.712178024385
1579.3726303106803
2461.27160024103
3966.1756629839206
1602.2806431595757
2410.4986094768387
4071.1563547125857
2837.1409776797673
3855.677813147311
3095.712178024385
4110.665019390885
2658.148028320051
3066.0871194426477
2063.3176491765075
2756.504271421991
541.5508266564273
5251.215078809455
733.9329991342704
542.2384456171305
1349.975795318985
99.41011892028763
3095.712178024385
348.5426384612618
2652.5617835379926
1250.2256778282724
2439.058191033898
2063.3176491765075
239.29015778228214
2570.1142478610072
3514.976927138485
2044.0834972738796
1103.0317536811674
2480.6977084070577
3089.259953767625
1502.015069610618
1547.799795486633
907.8563806763417
1432.8833857223806
6420.085054170529
1535.1513953658746
1288.7979405891278
3519.3862420615746
522.8079716719249
2410.4986094768387
494.5074766051679
900.9506675250294
3269.4165451726362
2410.4986094768387
2527.2343142300233
170.500621412501
3404.949699901821
1497.12699304386
563.0664618504326
852.8442695076354
3187.3367190393847
2959.2444878537253
245.74794517045666
2655.2321818729765
1582.69456741101
3404.74983753979
164.30578642765786
692.9402306926248
1590.5761967549324
1458.2017088472655
2865.005046019513
3095.712178024385
739.2990305538905
558.2600974169569
2487.7959140601997
1250.2256778282724
852.8442695076354
3798.011467176955
1577.113186531439
182.7474349981368
6246.863428957043
2426.1933390213094
3118.448878845409
3500.5921547409675
2410.4986094768387
2411.1726412497324
2426.1933390213094
1102.4154606668817
1575.264047640846
2426.1933390213094
1545.7184366031395
1552.3194359014105
2651.4253928268063
3466.0452916881845
3045.51399161932
533.9968510923038
3972.1551052721024
2443.709871266708
1251.1459119817023
2867.4096216859502
98.27079536890454
3656.052785528524
2599.439409959978
1250.2256778282724
3844.441862440172
3093.9162281658428
1593.0910691037009
3976.565500011021
2078.8441879510315
1844.8082257192923
1589.7944693968384
733.9329991342704
692.9402306926248
1934.8673102829152
2412.61358669329
97.79455940036016
801.7740111248987
3097.4096146723286
1432.0860946721643
5008.470571483013
3119.2335315996443
1923.04783359827
1934.8673102829152
907.8563806763417
2460.3709657265917
1558.1733049378156
2757.404905936429
1471.0094559842023
165.23700182198914
2658.844727191279
342.19767111896095
3769.2186325820853
692.9402306926248
1007.2623960349397
3087.599601664413
1593.0910691037009
1575.264047640846
232.46219777598066
4064.945586665384
1423.088860836938
3368.787420085053
1575.264047640846
3521.895459232975
3108.1552741803953
554.3540955405321
170.36471525840005
3551.2051833425376
2094.263980573992
2864.9792089759576
6425.193046410026
4052.9957552295
3127.5517276117794
2413.028536258352
2879.0946041708926
417.6970901120882
4029.5766831144115
2086.792360684095
3953.4295908280806
486.82554563781923
487.74064899102495
3044.6169169899904
1801.2178484369733
173.15389000526136
1886.8994646517815
2064.3725207230555
2410.4986094768387
3426.0171464178434
3515.157182578729
1593.0910691037009
2098.1034815236508
4000.498824097061
1119.0236315185925
2063.3176491765075
3770.149671147496
210.78634232610597
3618.654804446459
1076.4500947593754
5238.340414903621
2650.3563384911904
2124.465762688375
3094.578577226516
1458.2017088472655
693.1827652525628
1575.264047640846
1558.1733049378156
1602.2806431595757
1356.4356126762984
852.8442695076354
692.9402306926248
5640.810942264641
3090.0360388259487
571.8871215693841
692.9402306926248
1121.7987867418547
2099.677876569467
3717.5478014405157
760.9248749808926
1932.2277473005229
291.9390886682372
2185.8325251039396
2670.761688027273
692.9402306926248
244.55607825078968
4295.178906456276
2063.3176491765075
2043.1769447909603
2413.591371247505
3108.1552741803953
733.9329991342704
694.4960348469516
2756.504271421991
1801.2178484369733
422.47494144180297
238.72729753467672
2086.792360684095
220.97814112639375
301.9133484456801
209.23072633908188
693.1827652525628
1251.1459119817023
3511.6209070648274
2660.4280107833706
2648.7804702243857
1438.9388373945887
4840.502617206345
1101.6611539044839
1901.8697397614596
920.5995807993356
2783.981914018219
2756.504271421991
693.1827652525628
3766.782768237823
538.1712478237257
2656.9818603080607
2456.827932479986
2864.3168599152846
2087.5942058419573
4989.312296718166
2489.344039233445
3795.9005408865833
692.9402306926248
2086.792360684095
1666.7174063072252
2410.4986094768387
550.7863135068128
702.8740714473407
2863.5154181381686
3102.901648743287
2888.703827343037
2410.4986094768387
3095.712178024385
2652.5617835379926
2842.2127188913873
417.6670868776359
4037.7367499679194
258.1874930993689
693.1827652525628
2096.929950577873
3093.967335084348
694.4960348469516
1606.8799139853927
4041.63442958728
105.55833453610256
2488.4434047190075
1996.9960743270278
3094.7519878385833
2073.329872979529
693.1827652525628
2658.0814971615114
2865.6673950801865
791.4466188935473
5212.132665161075
3525.1985568099817
1602.2806431595757
1932.2277473005229
4218.532181335699
1593.0910691037009
2426.1933390213094
1926.8595276715703
3372.0505591994934
852.8442695076354
903.6624236990679
3092.5145340988597
2412.0732757641704
2411.1726412497324
1610.1703911413208
3793.8845251997
2063.3176491765075
692.9402306926248
3088.1879964667346
3096.374527085058
2571.304763176971
2060.6086772418084
2460.3709657265917
1438.9388373945887
694.4960348469516
2777.619273173406
3097.4096146723286
693.1827652525628
930.5590893504425
546.4579044873078
3106.7082723654867
920.5995807993356
2752.459239165941
2865.005046019513
6243.798483458056
917.8542180382183
1923.7409908675158
707.8460953290064
693.1827652525628
852.8442695076354
1654.5314836578148
3106.7082723654867
2094.263980573992
3514.1726119973487
343.9662617173218
2060.6086772418084
2086.792360684095
553.0714413823573
932.9394816464894
4815.479561017215
3093.3049860236747
1566.2083527096465
1600.699963264948
3906.1930366488245
256.4041597085472
381.9362915933738
1589.7944693968384
1748.9404201425732
2860.9600137634634
692.9402306926248
3089.871195909793
1356.4356126762984
3455.7305370523604
4005.038741377394
1680.6855540689915
3100.348727881396
709.6316447706713
1457.6782681391533
1923.04783359827
2426.9133840835048
2423.4894497292808
2921.0600248530286
2063.3176491765075
2099.677876569467
1457.6782681391533
3093.967335084348
3512.8715112756618
2458.6951030771556
702.8740714473407
2784.6624941326404
3102.1169959890517
3093.9162281658428
1575.264047640846
2078.07376813605
790.7962815563284
3513.814717742696
712.1421702067254
189.06709242975947
2439.058191033898
852.8442695076354
801.7740111248987
2642.6213931863767
3962.2228419163025
2460.3709657265917
5139.454377379632
5434.806056808885
2756.504271421991
702.8740714473407
3092.5145340988597
2062.4092003760384
5507.849417029746
2479.7970738926197
1566.2083527096465
308.4543747202384
1635.4981451309593
3123.63540832749
1050.9726483717907
333.77856227614853
3044.6169169899904
4045.4768614595064
1026.5725926469472
739.2990305538905
4215.599502704723
4018.6220588768997
3031.5234213170856
2525.198482467077
2650.5564588602597
2409.982125933769
403.8867599792759
3095.3632299807514
3949.1090322119876
4018.0158432719095
2098.953181755819
1923.04783359827
1530.4798793592483
2861.442890899169
2658.978571790841
917.8542180382183
5244.77970813462
3101.454646928378
1857.475726651499
692.9402306926248
2965.2133655578846
852.8442695076354
391.32297551925416
201.27491279070318
1203.4673282053677
2096.929950577873
1593.0910691037009
78.42520318309904
955.4974486483422
6407.454222886582
2414.2190515743155
1654.5314836578148
2702.9961330825518
3093.3049860236747
1964.4092609854827
1060.24155857129
2865.6673950801865
3416.5088480928493
693.1827652525628
79.33606500202367
557.1683644736513
3093.9162281658428
3503.012767801325
4047.99148048093
2063.3176491765075
6203.577007255717
524.2611588369258
6286.0754286415895
3089.259953767625
1591.4144703503798
705.1914048597276
3610.5086500603084
3953.826825456973
705.1914048597276
1251.1459119817023
2073.329872979529
1552.3194359014105
3365.7679563675283
3961.538884743754
2073.329872979529
4059.9567733595636
5405.566822603014
2044.0834972738796
553.1795415363174
5204.036823848572
1404.5471543289477
1610.1703911413208
2078.8441879510315
6224.285663367857
1891.0503600205368
1856.714903219743
693.1827652525628
87.11423299661588
852.8442695076354
3499.1876447303416
1932.2277473005229
1929.723572887864
4011.551416503004
2410.4986094768387
3106.7082723654867
705.1914048597276
5621.817497366732
692.9402306926248
3856.1362431806947
1598.9608107643446
2410.2087286753135
2415.1196860887535
1516.5274860840445
1063.4248666452695
1663.8009011095148
236.33176568038107
3941.4732856763603
3957.150797923225
756.2580652322259
4292.588414012621
733.9329991342704
3511.8152379526105
498.653044577891
4001.186604132975
4024.040847005799
341.7920950227643
3101.454646928378
1030.4460185713651
1007.2623960349397
1579.3726303106803
1328.4031580558944
2863.5154181381686
2411.1726412497324
4020.301934474784
3349.6610016111863
350.66907312773037
2865.005046019513
2866.4520478344216
2481.8544443224914
692.9402306926248
2764.5849399741405
131.06146652198314
2838.587979494676
1575.264047640846
4054.491005238878
917.8542180382183
693.1827652525628
3953.0417667068727
2903.941515904117
3093.9162281658428
3843.137034515143
1566.2083527096465
5919.9375350337095
702.8740714473407
587.2136439043916
1588.9814000646566
3107.37062142616
3954.802704875304
5442.641549974497
569.8170304224004
1579.3726303106803
692.9402306926248
1412.4761749012375
3104.6190281179024
2187.7878007041377
4860.9499975841745
1580.9138133191582
1460.0366674133024
567.0897156115212
2207.974672322594
1007.2623960349397
4116.182516927606
3511.373836575186
2078.07376813605
2865.6673950801865
496.58664565878854
2926.4792725826774
2078.07376813605
943.9896024407543
1007.2623960349397
295.9546866303317
2909.0833274391234
3111.540111272368
717.2720148421627
2410.4986094768387
3095.3632299807514
260.9006571783868
524.025393989979
2094.263980573992
2086.792360684095
3897.8690596377064
692.9402306926248
1679.859103282657
1486.6060677962926
693.1827652525628
702.8740714473407
1558.1733049378156
2865.005046019513
5625.283488620769
2658.844727191279
2075.3356447738406
3510.509882465407
3352.1532415846564
3095.712178024385
3722.442722190624
3431.773715433007
1103.0317536811674
2426.1933390213094
3036.891758319669
2410.4986094768387
4071.1511729570593
2414.2546588422556
2089.1539061386734
1455.0023898353115
3834.459415583189
1591.4144703503798
917.8542180382183
2073.329872979529
3528.9170486118196
2426.9133840835048
2044.0834972738796
693.1827652525628
3118.448878845409
3834.936570701197
917.8542180382183
692.9402306926248
1517.2181150447461
705.1914048597276
3839.551255222499
2689.4576257208714
385.89114143093406
3101.454646928378
3441.8453877251873
1145.0261724578268
852.8442695076354
2444.610505781146
550.0330305092069
1416.448492720782
3095.712178024385
3093.5066199256253
3093.3049860236747
97.80343093662418
1345.295194678359
2054.454995512706
4217.066329225048
3093.211626168119
4044.647882778037
693.1827652525628
3097.4096146723286
394.53593922288525
426.17909040927555
4010.3676793424047
4108.878124583405
1602.2806431595757
2866.4520478344216
3107.37062142616
702.8740714473407
3091.122313872965
2098.953181755819
2095.113885907124
852.8442695076354
1289.8746532979044
1890.3221925151504
2070.0788880218965
1545.7184366031395
502.9326959939587
794.0523965841987
2086.792360684095
3813.4064489396183
2063.3176491765075
3095.3632299807514
215.68178508241724
2410.4986094768387
1121.7987867418547
1030.4460185713651
694.4960348469516
693.1827652525628
4082.016755466312
278.15407809211814
693.1827652525628
692.9402306926248
707.8460953290064
1579.3726303106803
1470.1935376450124
4056.011976564054
3782.5747142416635
2646.885629241232
1579.3726303106803
2086.792360684095
548.076779130574
3441.8453877251873
3101.454646928378
5147.665301640812
282.8602657467992
694.4960348469516
1486.6060677962926
693.1827652525628
435.5060332611901
2073.329872979529
2860.9600137634634
3789.943902596881
2481.8544443224914
2411.1726412497324
1592.2304284669576
2062.4092003760384
448.98860932017413
2078.8441879510315
2078.07376813605
5416.053788286047
2658.978571790841
2639.5502181749102
3830.2269582752115
2859.888056462573
2411.1726412497324
3489.363934488402
907.8563806763417
702.8740714473407
4031.8005297862255
183.26349519545067
2670.761688027273
3962.2228419163025
2656.4627410513776
2589.3101145283913
2054.454995512706
2683.4590157176112
3846.049074249463
693.1827652525628
4003.808595051608
3098.835779189406
2410.4986094768387
2785.398456406612
2150.710777288136
3966.2436086496814
2612.1842961777347
2638.359702858947
3115.7286921287446
3707.750337702951
907.8563806763417
1517.2181150447461
1584.408747322295
84.35697886462592
1929.723572887864
3664.064935641618
1551.1510446634013
4011.1722245548967
1060.24155857129
1575.264047640846
2785.398456406612
3984.421303596563
3093.9162281658428
1412.4761749012375
903.6624236990679
2660.4280107833706
1654.5314836578148
852.8442695076354
693.1827652525628
2916.5202612674543
373.72114769876407
2025.413125005354
2759.7284917611223
1102.4154606668817
693.1827652525628
1100.661594353161
4051.811599117113
242.06094229905764
3269.0779031575066
1584.408747322295
1663.3179478118398
2504.4600211599904
3096.374527085058
692.9402306926248
2063.3176491765075
2560.3095598185555
283.73820434988016
2865.005046019513
692.9402306926248
3512.516143804807
1403.7162420663735
5019.833080345275
2078.07376813605
3091.122313872965
2046.6566138920693
3971.3727869058657
1811.417430863305
336.6448124759612
1288.7979405891278
1458.2017088472655
1602.2806431595757
693.1827652525628
220.9474962131653
169.5546805647635
3125.6695515927827
1443.6598045617927
2073.329872979529
2078.07376813605
3234.8669307635146
1353.6740282580104
2410.4986094768387
3513.3282236725645
1995.3847019115149
418.009384637437
338.60666632668574
1501.015782992329
2078.07376813605
1574.6650821532796
5444.6261949314485
3115.7286921287446
89.41063164397947
1598.9608107643446
3526.0496123955268
2098.953181755819
3091.667145768335
1100.7623081774182
2069.0276174866194
3613.5938532225478
3102.901648743287
2589.3101145283913
1251.1459119817023
3949.7466313559585
819.907386477007
1973.9706464602446
1492.0622791066025
852.8442695076354
3881.9823591698805
3838.245347114997
1430.129696411107
900.9506675250294
3793.8542094535296
3516.042904811912
1591.4144703503798
1007.2623960349397
2865.005046019513
5281.426037674888
2568.0870157860345
3372.184403799056
2862.227543653404
3656.4457781212736
3104.6190281179024
3095.3632299807514
692.9402306926248
4138.559396453446
3641.562827116702
1606.8799139853927
1669.9446280882019
3094.578577226516
2078.07376813605
177.67393314590197
3520.8891557696516
1545.7184366031395
3089.259953767625
2086.792360684095
692.9402306926248
3996.6154900758884
494.63765678053346
1446.3313794938183
2084.9413756409917
2076.3662383128826
1996.9960743270278
1934.8673102829152
3119.2335315996443
1119.0236315185925
3117.7865297847356
3352.1532415846564
3828.0731911030584
2093.253496702587
1577.113186531439
2788.689295334942
716.7452697183189
1486.6060677962926
397.77081419561495
2086.792360684095
6128.9646457904755
3980.4671236367835
4012.5097445873257
4698.989372834531
2656.701026505142
1432.8833857223806
1054.7858134886158
1329.0422829308413
3096.374527085058
1429.3489740862585
3349.6610016111863
353.74652213700557
1440.383862414181
2188.8401579091565
226.2399949186612
2063.3176491765075
1610.1703911413208
2465.6211188470174
2088.3665141883066
348.39158166079585
2063.3176491765075
2707.0411653386013
1628.3278308904473
85.22038818754734
693.1827652525628
1601.472852692097
3512.516143804807
1609.3002854770598
1584.408747322295
2063.3176491765075
1455.5797240802547
3622.066291423977
3094.578577226516
1934.8673102829152
2649.543700254153
281.350628059984
320.36286622974154
4137.24231811992
3914.590013636297
225.69017645754914
280.9689805053238
1923.04783359827
280.89634792346953
1353.6740282580104
1934.8673102829152
5443.657760977228
1460.0366674133024
2865.005046019513
6402.492456007842
1552.3194359014105
3096.374527085058
1566.2083527096465
692.9402306926248
2410.4986094768387
2757.1666204826643
692.9402306926248
1590.5761967549324
2965.2133655578846
2646.885629241232
1497.12699304386
2655.390783750487
1593.0910691037009
428.7008901408683
6217.113045643653
475.2173945831819
3515.420194991584
443.6461545466024
3102.901648743287
3955.476736965286
3118.448878845409
1589.7944693968384
3023.2305448740785
2426.1933390213094
1686.5428660905823
1007.9297571536842
3095.3632299807514
1253.9151752534353
343.70724568440926
852.8442695076354
1932.2277473005229
4065.001949388704
1593.0910691037009
1742.9110279364147
3447.622337668603
2458.9190823103872
2041.3302632749526
1103.0317536811674
1602.2806431595757
1932.2277473005229
2860.271827659235
1411.818903667946
249.12332581906327
2038.311853842282
2435.934983542508
548.9740362041695
1409.4839091856422
4026.173433270914
2401.049115152385
3101.011076942069
1923.04783359827
1577.113186531439
790.7962815563284
2073.329872979529
1349.975795318985
3030.760191287318
702.8740714473407
1537.041831759432
3095.712178024385
435.75669009906073
3091.6446339204626
2088.3665141883066
2098.953181755819
5902.1684461807945
2878.1939696564546
1598.9608107643446
2571.304763176971
3960.5487809583647
2479.7970738926197
2581.038963546499
705.1914048597276
2860.271827659235
3096.3036956253463
1546.4729990514384
2479.7970738926197
2877.374066775719
3947.9697227137954
553.2670208959219
2860.271827659235
3236.316369756044
2655.800391990704
1926.268095551137
694.4960348469516
1923.04783359827
1932.2277473005229
709.6316447706713
213.942606884778
3123.63540832749
1686.5428660905823
2569.8643595548556
2785.398456406612
1602.2806431595757
171.0764905669401
2650.636287140565
737.7302428178899
3809.6916485847914
1602.2806431595757
1968.9510210107849
2098.1034815236508
3661.282978312399
1007.9297571536842
3093.9162281658428
3088.46950184281
852.8442695076354
1607.8057182408113
705.1914048597276
3111.1867372680986
1926.268095551137
2411.1726412497324
2073.329872979529
2088.3665141883066
3836.5905601512554
3519.0286841880948
692.9402306926248
1602.2806431595757
3089.259953767625
82.16082797713614
3101.1580727512555
2722.7597974163536
702.8740714473407
2583.976957337708
1253.9151752534353
1923.04783359827
2878.8210685906274
3106.7082723654867
244.02699500311684
4057.4934524477535
3095.712178024385
3524.701780947995
693.1827652525628
932.9394816464894
2648.7804702243857
2859.470385882119
1349.975795318985
900.9506675250294
4160.898752635559
210.03989542621207
3904.7218290034807
2086.792360684095
2474.920420917986
2411.3992439912768
853.3245056800288
2591.9748290001435
694.4960348469516
394.4169171452488
3093.967335084348
5657.883446300854
1554.7095220540625
3093.9162281658428
4075.4025757188388
3349.721156100155
2866.4520478344216
6371.8996255847205
345.32972061451716
1579.3726303106803
1934.8673102829152
3108.1552741803953
851.6794062543725
6105.079318486795
3117.175693943653
401.7504464330396
1250.2256778282724
1253.9151752534353
79.55898194726396
170.0625592398057
1923.04783359827
3641.41315977724
2865.005046019513
3117.7865297847356
2785.398456406612
3108.1552741803953
2860.7805418384955
231.0607602378709
1487.4789730451698
3620.661781413351
2410.4986094768387
1586.7758420007322
4011.8188196627757
693.1827652525628
2763.9238779955435
1288.7979405891278
2411.1726412497324
3088.46950184281
692.9402306926248
292.4928792790283
1517.2181150447461
2786.109495947549
4036.212380468316
272.13050475688163
3100.348727881396
3768.3790220425403
4265.234886905434
317.8494828033827
2657.269164854716
256.6423360640459
254.56124620146937
3092.07802537025
2865.005046019513
1600.699963264948
2763.137938159232
5882.85514319407
317.4472197421565
535.3477610493276
3821.1704588907055
1329.0422829308413
2927.6697878986406
852.8442695076354
3425.8772637878174
242.5388402789708
2857.6403631066387
1663.9474003371674
692.9402306926248
2640.5488530996968
330.11150006314665
852.8442695076354
436.59954405639854
176.536143989019
3093.3049860236747
4059.5099333308426
3101.454646928378
733.9329991342704
1610.1703911413208
3810.669320692004
705.1914048597276
2864.3168599152846
2458.6951030771556
3409.41756670425
220.3088953428754
1106.0121661517232
2096.929950577873
330.2419837482051
917.8542180382183
1552.3194359014105
4020.406626539807
5558.672385497015
944.6356521798381
273.62268839202466
852.8442695076354
3101.454646928378
693.1827652525628
3093.9162281658428
3873.5362581874106
2965.690140082044
2924.677845745219
2025.413125005354
990.3085052596794
2069.0276174866194
2851.5628485664506
3837.9800926837156
3513.7713677370634
693.1827652525628
4007.108403362597
1934.8673102829152
3124.8624500317414
2604.870705741916
3524.701780947995
702.8740714473407
3777.264990106221
852.8442695076354
692.9402306926248
2652.5617835379926
693.1827652525628
282.1488954416194
537.8691242685527
2458.018447795949
2860.9600137634634
705.1914048597276
3100.348727881396
3115.7286921287446
3965.2252557580086
171.2874336461902
1487.4789730451698
2698.190934003411
2410.4986094768387
1007.2623960349397
297.99267959571256
5658.981356604395
2866.4520478344216
946.4847320724201
4006.658026027757
3587.7490291086856
417.604129648042
852.8442695076354
693.1827652525628
3089.326364014423
2076.3662383128826
340.4116803520035
2876.6800938165748
502.6815156627614
2878.8210685906274
2865.005046019513
692.9402306926248
3101.7957296963045
552.7054342226554
801.7740111248987
4015.277906840533
2086.792360684095
852.8442695076354
2076.3662383128826
3093.3049860236747
2089.1539061386734
3832.3710021518436
3088.46950184281
2086.792360684095
1349.975795318985
2488.4434047190075
1669.2213860349564
2576.7670762235475
2662.174304835024
3422.1862583535653
1516.5274860840445
2128.1361865086587
3042.556361138319
1349.975795318985
705.1914048597276
4020.336860061215
3106.7082723654867
3974.9157772507947
1590.5761967549324
2788.0269462742685
3093.3049860236747
1030.4460185713651
692.9402306926248
2662.8366538956975
760.9248749808926
3949.7625698742154
1601.472852692097
1552.3194359014105
1443.6598045617927
702.8740714473407
2063.3176491765075
3515.613894975631
3792.989276439459
551.7733386611873
1438.9388373945887
2867.4096216859502
3968.332354762285
3102.901648743287
3978.025331069189
258.2934538906918
1901.8697397614596
917.8542180382183
3756.176968710987
3969.5768164985884
172.86729039831232
2512.669994023757
3070.95601211205
204.66899015467231
176.38939450052487
852.8442695076354
1998.8685569118381
3976.4310478858697
2878.1939696564546
3373.9363634781325
224.30285545808172
3964.8524918556795
692.9402306926248
717.2720148421627
2062.4092003760384
693.1827652525628
2411.1726412497324
2644.5939850017053
3036.8128051167046
1901.8697397614596
4088.5377133814814
1007.2623960349397
3840.349580659864
1932.2277473005229
3839.2971631394535
3963.8955439820816
2655.800391990704
2078.07376813605
2402.124614264443
3523.081121455022
5241.546381552735
5207.91044685488
1589.7944693968384
1588.9814000646566
5419.24899296258
2860.9600137634634
852.8442695076354
3228.9586304255668
533.990641533125
2878.93705035083
2465.6211188470174
4123.7619264636405
2086.792360684095
1923.7409908675158
366.5010941203416
3090.0360388259487
3093.3049860236747
3812.965428418536
174.84770207988373
315.7487566476596
1487.4789730451698
2411.1726412497324
305.3857781571357
2086.792360684095
2410.4986094768387
693.1827652525628
2073.329872979529
1601.472852692097
3465.3443858359874
1050.9726483717907
1590.5761967549324
2479.7970738926197
851.6794062543725
2413.2839712022196
3347.7667690027774
3094.7519878385833
2500.4722591992536
3900.9130776529823
224.60554795798782
3104.6190281179024
1412.4761749012375
1964.4092609854827
852.8442695076354
2589.022809981736
1552.3194359014105
1680.6855540689915
1577.113186531439
3795.804609774029
6355.884456552178
1288.7979405891278
2508.537372136995
85.08047585571202
3285.3767031754996
693.1827652525628
1610.1703911413208
246.36924712167655
2435.934983542508
692.9402306926248
172.11435528197677
1723.0474629819546
792.1083281616126
1409.4839091856422
1238.565599989696
550.2086047565195
693.1827652525628
694.4960348469516
3094.578577226516
5440.486864719374
5548.383250471034
1103.374517384871
1411.1529149855105
2411.1726412497324
2063.3176491765075
5019.535478806664
539.8078199334549
1610.1703911413208
88.7471289779006
2459.5957375915937
317.83506181761857
5338.773610870391
1412.4761749012375
2410.4986094768387
1101.3876245939018
2647.5479783019055
2861.1555863525136
2070.0788880218965
1911.8584617639524
258.7900169334692
3117.7865297847356
3795.615036699036
2865.6673950801865
3667.4635717439146
2089.1539061386734
2102.663312359673
4010.5532367349842
1894.5496695715465
3088.46950184281
2063.3176491765075
693.1827652525628
3852.392197879387
345.10877261170356
568.9811560183841
225.95583600911422
1007.2623960349397
2450.700360238228
5023.008433569268
942.1066187248359
3094.291272679861
692.9402306926248
3036.8128051167046
715.3750473173703
3117.7865297847356
5019.535478806664
702.4019230338545
3838.5962572872563
1121.7987867418547
223.9567685056689
2510.4627377358956
3632.969062056198
3106.7082723654867
2055.2964606615765
2069.0276174866194
3775.61020314248
3807.698365013158
2460.3709657265917
2342.446061109819
3091.667145768335
2865.005046019513
1007.9297571536842
3765.9421986953544
1410.371075442854
3111.1867372680986
6354.4805532542205
3096.374527085058
692.9402306926248
4049.2142145534262
907.8563806763417
3824.501387180867
1354.4528682197931
3837.931436285216
698.2903720324992
2876.6800938165748
704.2010537245895
166.45369752651402
4031.8709656397127
1489.8623462350522
692.9402306926248
5558.672385497015
2765.4855744885785
2086.792360684095
536.7471323726908
6337.816569113789
2411.1726412497324
4066.723371874829
232.54450468343674
3092.5145340988597
852.8442695076354
3119.2335315996443
694.4960348469516
6161.134005595736
3093.9162281658428
3807.6011061971744
1438.9388373945887
4026.3783339454512
1206.6544320923297
875.8452755180424
2701.9241757816612
2078.07376813605
1893.8156848704632
3519.7295900402914
3583.7011745222667
2043.1769447909603
1410.371075442854
562.3281521634614
694.4960348469516
3967.8399855846733
3094.578577226516
792.1083281616126
2788.0269462742685
3530.5542001341696
1593.0910691037009
2969.4466464262155
1707.4110575766883
2086.792360684095
2465.6211188470174
3515.574595224177
851.6794062543725
1455.5797240802547
2426.9133840835048
1590.5761967549324
2877.374066775719
1659.7738934773458
2640.4503034355894
2084.9413756409917
3770.340216696705
3089.871195909793
520.5555247434635
251.1925367294688
213.6220730463675
280.61068822796534
486.7187924765119
2044.0834972738796
3094.7519878385833
1250.2256778282724
852.8442695076354
1654.5314836578148
3094.578577226516
2530.471889557934
2786.2962517029855
1574.6650821532796
3456.7511872346463
1582.69456741101
693.1827652525628
568.5550019867064
692.9402306926248
4045.853442179459
1356.4356126762984
1510.853393945848
2187.7878007041377
2073.329872979529
2098.953181755819
1302.9241207711195
82.1862704745131
3101.1580727512555
3778.844902159262
2852.9133837313525
6333.643594519988
699.7289130538092
2414.2190515743155
2512.047931384618
384.58455961705505
2044.0834972738796
398.8616119583298
1545.7184366031395
4010.3676793424047
2669.297711229787
555.0289847911707
2790.5211425683838
3850.499527401785
1591.4144703503798
2073.329872979529
2860.9600137634634
2058.647452464057
2906.8615863667733
709.6316447706713
2458.018447795949
2044.0834972738796
1923.04783359827
170.77896243645245
3101.454646928378
3513.3282236725645
1923.04783359827
2470.2232297513356
1119.0236315185925
1007.9297571536842
275.5507238334258
1007.9297571536842
693.1827652525628
440.2900854348774
3125.6695515927827
693.1827652525628
2876.137493160644
527.5083272615057
1007.2623960349397
2763.9238779955435
3769.2186325820853
2446.7994098182726
2738.3829574151264
2411.1726412497324
3715.22510067387
2651.755359734654
221.52708684152464
558.0142234110693
169.86542218339517
3504.1687798304824
3511.7171845539037
2073.329872979529
1932.2277473005229
3708.534990667298
3175.6806197095234
2423.4894497292808
2429.8820225054924
2863.244902614394
181.38146302454425
3803.5971792993696
258.54310374187685
3028.8339295546466
3962.0846195838717
2958.2532062537125
1100.7623081774182
2073.329872979529
853.3245056800288
1593.0910691037009
2480.4880539637325
2035.767506161381
3805.5150983548724
2787.743253517894
2410.4986094768387
3513.9326733075704
1607.8057182408113
2860.271827659235
1577.113186531439
3176.6665417510594
4003.808595051608
348.1774189622214
4065.1204316926073
693.1827652525628
561.3265488014981
2073.329872979529
2063.3176491765075
387.9900912263977
3093.3049860236747
2939.5863435694073
2659.1619553739433
4102.336164666062
2076.3662383128826
271.72815420540377
3093.9162281658428
2652.655994249092
4055.5976756304844
3963.2838578770334
3225.481467434096
2410.4986094768387
5201.819112685642
4000.919200973205
1492.0622791066025
2409.982125933769
1253.9151752534353
705.1914048597276
2073.329872979529
692.9402306926248
82.22158088824156
2948.930982213665
1283.4792334537126
2402.124614264443
1890.3221925151504
3537.6416134985698
241.6791182130498
3488.7484207353914
3957.269768542206
521.1733717500451
1593.0910691037009
251.39801043265427
3833.2548226041563
4041.7674701641863
692.9402306926248
3097.1591798392938
1007.2623960349397
2063.3176491765075
3095.3632299807514
852.8442695076354
692.9402306926248
2570.7444387393784
1455.5797240802547
1575.264047640846
238.85709338180885
585.9910186659586
5540.072423952063
3720.408147805679
1590.5761967549324
1101.6611539044839
1530.4798793592483
720.1687762153555
903.6624236990679
1591.4144703503798
5122.27786153688
2790.5211425683838
2056.2771834297823
2865.005046019513
314.19258706128403
1602.2806431595757
4130.845808283398
2659.1619553739433
717.2720148421627
444.6978874659221
2911.214396694774
2073.329872979529
2926.0189032209737
4044.4023018590883
2876.6800938165748
2073.329872979529
565.5175210003664
1455.5797240802547
4018.0532245116224
1129.1951793905378
3093.9615359137683
1487.4789730451698
1590.5761967549324
2658.1659335538034
3824.924011426722
6415.169105398613
299.54983141426885
693.1827652525628
2078.8441879510315
1461.6544537174536
2424.771905414301
3904.1671405792913
1582.69456741101
2423.4894497292808
1945.3858907409217
3094.578577226516
2070.0788880218965
5433.136441834081
3954.8135225968163
1576.238364920006
3817.6049103875202
2093.253496702587
1590.5761967549324
3104.6190281179024
1328.4031580558944
852.8442695076354
3101.454646928378
733.9329991342704
1576.238364920006
2062.4092003760384
2405.217376035109
3962.4906508618274
3104.6190281179024
1552.3194359014105
2202.7453835158913
3111.540111272368
2086.792360684095
2917.182610328128
1524.7730066619097
1354.4528682197931
253.58099604107832
1591.4144703503798
1901.8697397614596
6408.209729960753
693.1827652525628
4159.159326770844
3963.5511948000694
1492.0622791066025
705.9672308823416
2423.4894497292808
2645.140352302176
3087.370644053527
2411.1726412497324
1551.1510446634013
726.9383874840506
4041.054469924609
2054.454995512706
1530.9604244528061
3963.071747056138
2086.792360684095
3100.348727881396
3089.871195909793
2089.1539061386734
3552.182117350356
1522.2267929061418
6395.993833766705
693.1827652525628
1890.3221925151504
95.35730779912035
3093.967335084348
2073.329872979529
699.7289130538092
3227.3372843502752
1207.2707251066154
260.63384810796816
3096.6552302309196
1554.7095220540625
2426.9133840835048
2865.005046019513
160.22440283364213
1250.2256778282724
2538.318354191756
1610.1703911413208
3093.176883159533
1455.5797240802547
2060.6086772418084
852.8442695076354
709.6316447706713
6160.429948868316
1582.69456741101
1576.238364920006
2411.1726412497324
2927.633522767031
781.4232042849575
299.3606222897427
2931.71482015469
491.9852734368859
3519.3862420615746
1579.3726303106803
1581.8728342547272
702.8740714473407
2458.018447795949
4017.412565720441
771.0024402049147
4020.1579574843727
1925.6237959855885
4111.184239110554
907.8563806763417
327.47347777344805
3087.077281616915
943.0244408634569
2865.005046019513
2865.005046019513
4171.120615308948
2073.329872979529
2593.0768798262775
852.8442695076354
3102.1169959890517
1354.4528682197931
3115.7286921287446
692.9402306926248
85.75092117378661
1399.3254530533072
5022.154654020687
3512.170605423465
4083.3154034958407
3810.735975863575
2488.4434047190075
3089.259953767625
3966.644164540438
3108.1552741803953
4023.38427564858
4042.7282409011486
2781.3534241505618
2194.5317741720155
3910.20465956738
2479.7970738926197
3095.3632299807514
1455.0023898353115
3091.6446339204626
4008.693618384467
3101.454646928378
278.38040545200806
5779.591437172017
694.4960348469516
2937.159479215909
3037.5760351464723
694.4960348469516
1891.0503600205368
2073.329872979529
1064.5380132158562
2076.3662383128826
2063.3176491765075
2426.1933390213094
1602.2806431595757
1121.7987867418547
1404.5471543289477
3093.176883159533
2660.4280107833706
692.9402306926248
1354.4528682197931
693.1827652525628
2866.4520478344216
377.3979596390471
693.1827652525628
3430.451821487508
4054.3499938303744
1253.9151752534353
3092.233028722784
907.8563806763417
2646.885629241232
1501.015782992329
253.52638928279183
2063.3176491765075
1705.5940214137518
3109.1288996121075
702.8740714473407
2479.7970738926197
3340.9675017624313
3087.077281616915
3107.37062142616
320.1833313738669
6393.268920388945
3373.6338427915853
2911.99904944901
1430.8837371251402
1891.0503600205368
4011.412114259912
5063.159232075907
3517.268806706614
1686.5428660905823
2098.953181755819
1102.8144108781082
2041.3302632749526
2100.4440597954685
2842.7857327953852
851.6794062543725
2865.005046019513
851.6794062543725
1744.6134161806747
1354.4528682197931
559.864912504957
206.08576154747414
4009.7380533019723
4057.239625797236
1666.8000626045557
548.5957526546707
2434.4843719327896
1667.5009475123331
1577.113186531439
80.39569465351798
2402.124614264443
1924.7524759002488
702.8740714473407
389.1282321960562
3102.1169959890517
2410.4986094768387
3844.6860077463275
3169.0512188891607
333.2356122308306
943.0244408634569
2098.953181755819
3406.6563027934085
1602.2806431595757
1103.430703892394
5069.966906643792
5239.983083926021
2415.019756559748
3833.0719080040403
2610.0278885512153
4009.3872273731117
1589.7944693968384
2502.127920677147
2245.8608317005633
200.2163974822309
4006.5572156099656
1602.2806431595757
2410.4986094768387
547.6401326993699
3708.4381177388645
2415.019756559748
511.70190513738385
3632.8748735539125
3115.7286921287446
242.92050835244328
2411.1726412497324
3769.418763921881
692.9402306926248
894.5642946013988
1590.5761967549324
4033.056159294957
1486.6060677962926
919.7805962483475
2098.953181755819
1284.2559484404562
2877.3424428772482
1602.2806431595757
3093.3049860236747
2878.036415836392
3350.1983487783964
2063.3176491765075
2605.8933684204985
2529.6178639304826
851.6794062543725
2402.124614264443
1932.2277473005229
3783.275620093861
4077.1584557770393
2916.5202612674543
2456.3267938694216
236.7912984705017
3538.109470596157
3088.7151218722547
249.63088030950587
693.1827652525628
1422.20423969181
692.9402306926248
325.1952714282573
2878.1270956314834
2777.619273173406
2656.701026505142
4046.902850922586
1471.0094559842023
1591.4144703503798
2411.1726412497324
402.67264826610045
3094.578577226516
3092.5145340988597
1932.2277473005229
265.4010851826315
1607.8057182408113
3776.0724599148125
2043.1769447909603
3101.454646928378
2342.446061109819
2600.075523053641
3954.031870492264
3093.9162281658428
4023.38427564858
1430.8837371251402
2664.4107555731916
1284.2559484404562
705.9672308823416
3090.0360388259487
3995.4449621347626
1007.2623960349397
2877.374066775719
1705.5940214137518
3513.7713677370634
693.1827652525628
3511.8152379526105
794.0523965841987
2478.936505523141
1530.4798793592483
1575.264047640846
2529.569066996939
2073.329872979529
1891.0503600205368
1575.264047640846
3101.454646928378
3975.6137338929475
3092.5145340988597
1286.244076915817
5699.188959286853
3089.871195909793
4132.577420743584
851.6794062543725
3513.070461884866
2912.475229011405
2041.3302632749526
558.8946285291033
2525.198482467077
2411.1726412497324
3967.854905697386
692.9402306926248
1654.5314836578148
2865.439958307621
1934.8673102829152
700.1207942186194
2786.958600763659
456.19853124400066
553.0972935681516
2766.154618138654
3178.411951923377
2864.3168599152846
2786.060805467285
1026.5725926469472
498.76616569379695
702.8740714473407
3782.989886944662
4010.3484276289546
2070.0788880218965
283.21972873009366
1934.8673102829152
1497.12699304386
2073.329872979529
339.5046068225933
3102.901648743287
2916.5202612674543
2092.549070598461
2089.1539061386734
2035.767506161381
692.9402306926248
2646.476021001015
2643.7101226957416
1107.3517048775282
2614.6707344795796
3514.1700852135505
1602.2806431595757
2865.6673950801865
2455.0456738626417
514.9360987157639
1545.7184366031395
4211.449912237207
1129.1951793905378
551.544777552706
1891.0503600205368
3092.5145340988597
692.9402306926248
3619.6802922292463
2581.2432779869955
693.1827652525628
4028.289535281559
702.8740714473407
2756.504271421991
943.0244408634569
739.2990305538905
1686.5428660905823
694.4960348469516
3089.871195909793
694.4960348469516
1558.1733049378156
1577.113186531439
430.2138759906343
3837.8609984563827
1530.4798793592483
1588.9814000646566
1349.975795318985
692.9402306926248
917.8542180382183
4117.726061110582
3035.200828369104
4134.799988243176
6326.136727641994
3530.8284371247273
3841.4822475514015
1345.295194678359
3350.3529650918504
1591.4144703503798
2054.454995512706
537.219129518954
3954.782414438411
421.0916184344442
3092.5145340988597
3966.8648889618576
3117.7865297847356
542.9634107156483
1801.2178484369733
3179.8589537382854
299.93698727126997
1145.0261724578268
852.8442695076354
3083.188491805713
3959.6597787505257
3095.3632299807514
2863.5154181381686
2094.263980573992
3095.3632299807514
1602.2806431595757
3092.5145340988597
2646.040986816614
693.1827652525628
2094.263980573992
851.6794062543725
2411.1726412497324
2411.1726412497324
5006.570670599162
2060.6086772418084
3976.0585618960545
2610.23004930166
1354.4528682197931
4130.939820703062
1658.0603816885957
559.4119890402666
1250.2256778282724
2063.3176491765075
3347.8518351565376
3125.6695515927827
253.7973949623835
2190.289596901686
3995.4540619006775
692.9402306926248
3102.901648743287
420.27054726428145
238.02583224283333
1251.1459119817023
4059.0427802170543
3551.701959204525
1591.4144703503798
1026.5725926469472
3472.6265300044574
413.58010091791317
1130.0807023753778
2411.3992439912768
3402.1855078424255
3513.8518270915256
692.9402306926248
1891.0503600205368
377.5507676384202
6149.390386051684
1554.7095220540625
408.74485953284403
256.33734787902966
2411.1726412497324
2069.0276174866194
4063.910953319342
692.9402306926248
3097.1591798392938
2620.645646981227
2089.1539061386734
2088.3665141883066
388.84633540874006
2063.3176491765075
705.1914048597276
224.76874108478734
1516.5274860840445
2615.4553872338147
2095.113885907124
551.9613273993943
2525.198482467077
2648.3326310561406
2623.0729359441343
851.6794062543725
282.99762529891717
5237.945243979881
3097.1591798392938
3095.712178024385
3092.5145340988597
551.9617916494497
238.17446340866834
2595.8442158423586
693.1827652525628
1666.7174063072252
1748.9404201425732
518.1415738605706
2588.647765467718
900.9506675250294
702.8740714473407
1120.9339987396756
1412.4761749012375
739.2990305538905
6360.509159813611
907.8563806763417
3596.003692711276
207.01755999421601
540.2908908677659
2474.920420917986
1412.4761749012375
3424.0908846851717
1443.6598045617927
1742.9110279364147
5333.976986661794
1492.0622791066025
3830.797260616361
2931.71482015469
1579.3726303106803
2088.3665141883066
2411.1726412497324
6170.472062335962
2876.137493160644
1602.2806431595757
2872.635061560525
2092.549070598461
2069.0276174866194
238.402097083108
2576.5403696313433
2089.1539061386734
702.8740714473407
2876.6800938165748
2658.978571790841
2643.7101226957416
2084.9413756409917
1593.0910691037009
851.6794062543725
1288.7979405891278
301.3309898161225
2025.413125005354
2643.6933504872673
2076.3662383128826
557.3634807292871
894.5642946013988
1609.3002854770598
1030.4460185713651
1291.271341128859
1602.2806431595757
3960.728397163051
2078.8441879510315
1901.8697397614596
796.1000358735668
1589.7944693968384
1591.4144703503798
3515.2192013797558
1545.7184366031395
3595.3027868590784
3467.80735957229
692.9402306926248
1288.7979405891278
2487.0119662008583
3498.8322772594865
2861.442890899169
2098.953181755819
692.9402306926248
4116.5292339876505
3508.6343299095633
3036.891758319669
3094.578577226516
385.38118698344357
2073.329872979529
3740.5071872176154
2501.63425441598
3092.5145340988597
3111.1867372680986
3036.891758319669
704.2010537245895
2063.3176491765075
692.9402306926248
1422.20423969181
1498.5697982581205
4025.065040093864
694.8902853699625
2911.214396694774
3512.9706657990846
3486.389688026014
1002.1143878591326
1251.1459119817023
1602.2806431595757
549.4463777986787
5437.709207394295
891.825866770039
3965.3299283236147
336.9698762706744
2382.419117834087
2063.3176491765075
3106.7082723654867
3626.7505727026187
760.9248749808926
413.46199695244724
1007.2623960349397
1669.0727748660138
693.1827652525628
4121.692158720031
1551.1510446634013
1705.5940214137518
3950.859342637038
572.4097959892651
1590.5761967549324
271.8160657904707
2525.198482467077
1123.6715652560904
1593.0910691037009
3821.202625982389
694.4960348469516
2469.3626613818565
270.3430614410083
1486.6060677962926
4015.1946631167016
5417.457021829778
3975.7365213295516
3513.3532313461656
3093.9162281658428
4047.9004303539623
717.2720148421627
217.89671339258857
2640.2125672355837
2756.504271421991
2426.9133840835048
852.8442695076354
2860.3709335982785
3404.04984344042
4006.749543038601
2785.398456406612
3092.5145340988597
252.4904615349209
2865.005046019513
3093.3049860236747
3966.5423381622254
3272.106036935076
1251.1459119817023
243.05017478292697
2410.4986094768387
5578.0996091291845
3828.1945436919273
209.23041782700406
1901.0569604981108
103.90447147164305
2458.6951030771556
2342.446061109819
1062.319327232296
228.97328191595682
1591.4144703503798
381.51780571775544
3115.7142163407534
5437.495705876128
6305.025264421254
692.9402306926248
171.9480311938396
1438.9388373945887
2937.821828276582
2073.329872979529
2866.4520478344216
875.8452755180424
1593.0910691037009
2917.967263082363
1924.7524759002488
4088.6196499883094
403.003404578516
3466.0452916881845
2087.5942058419573
2756.504271421991
3512.516143804807
2423.4894497292808
2963.0526229511715
1409.4839091856422
271.45099950439067
3101.454646928378
3815.000437546619
2089.1539061386734
2025.413125005354
2423.4894497292808
166.95449563195913
702.8740714473407
850.9890663772414
6224.556318894022
3524.45000472555
3343.44658285353
3095.758863729976
3514.976927138485
2865.005046019513
2401.049115152385
852.8442695076354
169.258750451306
2063.3176491765075
1657.155329390793
230.76085698792804
3662.6225685516797
1593.0910691037009
3092.5145340988597
1566.2083527096465
1610.1703911413208
3096.374527085058
166.618824881853
3107.37062142616
3820.4196762411048
2877.0381276750823
553.916178373817
2509.436980005667
1944.6536731135784
1431.5245155727296
2092.549070598461
1901.8697397614596
2439.058191033898
2078.07376813605
693.1827652525628
1455.5797240802547
2502.494822785459
812.5515955821843
1530.4798793592483
3728.2367515158708
692.9402306926248
1455.5797240802547
3750.689796491759
2512.669994023757
1343.5506454725366
222.69011257815058
1530.4798793592483
852.8442695076354
5232.031239029161
3093.9162281658428
569.6444572975053
2623.821153526718
3838.5619043085803
1712.9804119051034
501.1691769298739
2862.3477444233617
702.8740714473407
1891.0503600205368
3512.627317820367
2786.2962517029855
1602.2806431595757
2581.7013126071724
3119.2335315996443
2078.07376813605
6230.6232399698165
344.6697941812889
1412.4761749012375
4016.1226991356034
3021.3747279578993
702.8740714473407
3093.3049860236747
295.0137453686126
2063.3176491765075
702.8740714473407
1747.9234395427661
1349.975795318985
3504.1687798304824
280.43547553062575
2865.2615325184584
347.86637753267377
1455.5797240802547
4008.8852102680917
2859.828271353112
2087.5942058419573
298.99770524152177
4068.397432832768
2410.4986094768387
1901.0569604981108
2878.856318717128
1582.69456741101
1412.4761749012375
3043.407424113515
3095.3632299807514
2410.4986094768387
1602.2806431595757
2480.4880539637325
2410.4986094768387
1455.5797240802547
2960.4580390486935
692.9402306926248
3715.972175108918
852.8442695076354
1934.8673102829152
6165.335100818013
851.6794062543725
548.0629466571255
852.8442695076354
1251.1459119817023
693.1827652525628
852.8442695076354
3655.729446845184
1575.264047640846
3831.0564285419678
3938.191627602084
3101.454646928378
3091.4156763095766
1593.0910691037009
3348.960095758989
2625.2681553416264
3089.871195909793
2577.325022385579
2864.3168599152846
2054.454995512706
3546.0106817981723
2063.3176491765075
2060.6086772418084
378.6112935310958
4088.271907170667
249.3559411107502
2588.647765467718
342.91051757040236
2065.2926881324565
3836.5905601512554
352.5237739132715
2089.1539061386734
1566.2083527096465
2063.3176491765075
3977.3325561825623
1052.859813496335
2044.0834972738796
2864.3168599152846
794.5327490963202
433.0972106378067
2087.5942058419573
399.8530216805105
2128.1361865086587
1974.8228181759757
562.837570731468
2912.475229011405
356.82465338507194
1441.8820752215508
1737.886050919041
1587.586100902995
1486.6060677962926
2589.3101145283913
2078.8441879510315
851.6794062543725
1591.4144703503798
692.9402306926248
3093.9162281658428
1438.9388373945887
1455.0023898353115
1602.2806431595757
246.83048967881226
1923.04783359827
2073.329872979529
702.8740714473407
4722.174750714102
171.89603846299386
6164.146725650344
1410.371075442854
264.8778102940687
1654.5314836578148
173.5251281959745
1981.2575448650755
1225.9977711974393
1252.0891102005965
692.9402306926248
2941.0333453843164
3893.5842142353213
267.2557828502547
2575.8780205706703
702.8740714473407
4010.6192324623876
853.3245056800288
1574.128351205555
2073.329872979529
2511.8094256542786
5626.028176078198
1458.2017088472655
3835.2913720433758
3515.574595224177
3943.352328385548
2093.253496702587
532.8361793443264
6164.566763203446
2865.6673950801865
3504.869685682679
3967.854905697386
1605.9758844237456
1574.6650821532796
1923.04783359827
3505.2250531535346
2337.1081377701903
2586.8704216988967
1899.2524673451464
234.87999830672487
1901.8697397614596
3168.3888698284877
576.7412959042714
1251.1459119817023
308.45552571656447
2458.6951030771556
3835.7015579434164
1589.7944693968384
2062.4092003760384
2246.913188905581
530.5347075107838
1293.07418893284
2465.6211188470174
692.9402306926248
2089.1539061386734
1412.4761749012375
1530.4798793592483
850.9890663772414
2630.494009004688
702.8740714473407
1602.2806431595757
3092.5145340988597
3091.122313872965
3101.454646928378
2865.005046019513
919.0799856787559
296.82535404676935
1500.463662570333
94.19322989648282
2786.060805467285
3771.8044581112376
907.8563806763417
268.90078801910664
287.8906748387853
3095.712178024385
2411.3992439912768
1813.2459199658956
2916.5202612674543
943.9896024407543
533.4011613867622
2410.4986094768387
1593.0910691037009
3093.211626168119
3505.2984391043924
692.9402306926248
3087.9246699474397
692.9402306926248
704.2010537245895
1923.04783359827
1438.9388373945887
2411.1726412497324
213.73583238251547
2537.7561395593752
3093.3049860236747
990.3085052596794
1552.3194359014105
1302.9241207711195
3488.275245329385
1007.9297571536842
1455.5797240802547
702.8740714473407
272.21477329990194
3961.072829939429
3838.245347114997
2426.1933390213094
3942.9868490357403
1412.4761749012375
2413.514221207728
2086.792360684095
693.1827652525628
509.537620294834
360.71061967451624
3992.717405677485
4119.217777276368
1535.1513953658746
3964.8907850393507
565.907500068084
4071.2829650125536
2063.3176491765075
3097.4096146723286
852.8442695076354
1924.7524759002488
5381.810048722569
852.8442695076354
1354.4528682197931
2864.6919044293027
3131.565505169896
907.8563806763417
709.6316447706713
5351.451011314543
3827.3122617244912
2124.465762688375
6199.93600585945
1552.3194359014105
3090.0360388259487
3106.7082723654867
3845.5733622060948
2071.6554890609973
693.1827652525628
3119.0297626200113
1545.7184366031395
3831.2477130973066
705.1914048597276
2098.953181755819
1383.7039848056004
2917.967263082363
2965.2133655578846
2628.6406925877177
1251.1459119817023
1007.2623960349397
1599.9106965128367
851.6794062543725
220.92799459866885
1121.7987867418547
2409.3080941608755
2416.1341713215666
2086.792360684095
5776.950836642818
1610.1703911413208
1816.648187639879
79.43031322245452
1458.2017088472655
1441.8820752215508
2866.4520478344216
3094.7519878385833
3963.827264787984
1934.8673102829152
2597.034731158322
2581.9056270476685
177.71410079760287
1582.69456741101
852.8442695076354
97.63725284682984
1286.244076915817
4033.5474556731183
524.0396532067333
1589.7944693968384
2877.374066775719
3997.382225550757
4066.9819959881156
1610.1703911413208
692.9402306926248
307.63061775224213
3117.7865297847356
1007.2623960349397
3102.901648743287
351.995076135291
1605.9758844237456
2487.7959140601997
253.5046724880412
1120.9339987396756
236.5850077306843
3119.2335315996443
851.6794062543725
694.4960348469516
3883.0953911759334
1593.0910691037009
304.44129116085645
1409.4839091856422
1923.7409908675158
2412.0732757641704
693.1827652525628
564.9678746470641
1591.4144703503798
693.1827652525628
2426.9133840835048
216.90088088421066
1455.5797240802547
851.6794062543725
1549.006953125262
571.958201365459
1577.113186531439
3908.688244774047
4020.406626539807
464.4325535723562
3092.5145340988597
2100.4440597954685
2411.1726412497324
2073.329872979529
702.8740714473407
1422.20423969181
2411.1726412497324
1545.7184366031395
990.3085052596794
5021.451018438262
2411.423071377327
2582.315235287886
2866.4520478344216
1412.4761749012375
1441.8820752215508
1545.7184366031395
558.0453423016811
907.8563806763417
2070.0788880218965
3719.3871855815096
554.6846606133389
3089.988713075096
2655.800391990704
3093.9615359137683
3771.3780730950516
1460.0366674133024
3093.9162281658428
3092.5145340988597
2866.4520478344216
1423.088860836938
1545.7184366031395
2073.329872979529
499.41660829686356
3721.8997087980147
3850.650026540094
4061.047769428925
2481.8544443224914
2063.3176491765075
1516.5274860840445
3839.4509065164184
3545.8604909236738
565.3453854450269
3635.0744779190195
3963.2974015167206
3511.566155788458
2410.4986094768387
3733.997666742838
167.89229381347894
3827.2310851397124
3616.2274657025578
2410.4986094768387
693.1827652525628
1517.8164835952346
3302.745328876518
2088.3665141883066
4201.150172924221
2411.1726412497324
1566.2083527096465
1535.1513953658746
4211.325351989177
2054.454995512706
1705.5940214137518
3995.8755806997488
3959.719802276895
3922.7597721860216
6139.4052378318975
692.9402306926248
1432.0860946721643
693.1827652525628
4077.7257284137195
435.3145390098849
1050.9726483717907
2411.1726412497324
852.8442695076354
2651.8728768999576
2865.763861730193
3092.5145340988597
2459.1804504106285
1395.0831076156662
486.32126213694
2460.3709657265917
271.2097906230368
5609.82968953561
2089.1539061386734
1973.9706464602446
210.4827142032639
3093.3049860236747
347.28133910153804
2433.9441202808903
3097.1591798392938
2456.827932479986
2512.3814367482205
5547.4722183848
694.4960348469516
3513.7713677370634
2838.1676866353378
2411.1726412497324
295.2343730019639
693.1827652525628
3848.254423017238
2758.8278572466843
3467.80735957229
3724.517921315629
2692.84447904703
3090.0360388259487
3830.0314758604586
4978.627071921891
241.1526146895117
3096.374527085058
3522.795315694376
548.8397239056784
219.570473355749
3833.8895642557272
693.1827652525628
2414.2190515743155
875.8452755180424
3102.901648743287
2878.1939696564546
1455.5797240802547
3511.7651063976623
1890.3221925151504
2639.5502181749102
5402.562535256523
3461.8919621212817
2670.6278434277106
2088.3665141883066
692.9402306926248
169.88989650501003
3839.357186665823
5233.729196481501
2092.549070598461
3093.176883159533
2964.9054873278087
2864.3168599152846
1934.8673102829152
1508.8605432569204
1687.4059223751758
4012.2201744878735
3101.454646928378
1657.155329390793
1302.9241207711195
2465.6211188470174
2073.329872979529
1458.2017088472655
2785.398456406612
2644.3556995479407
5007.579184004564
2088.3665141883066
2401.8347334629175
2066.22394821129
739.2990305538905
2916.5202612674543
502.0513667402375
1923.04783359827
3100.348727881396
543.0923987438783
693.1827652525628
5176.484054418844
5205.63298746399
2091.028655370254
907.8563806763417
3501.2930605931642
703.3520327538179
5403.449398965881
2086.792360684095
2757.404905936429
3768.5177267298886
383.30565055130245
241.49636298130363
1593.0910691037009
2443.709871266708
2766.9268278581026
3811.344664275532
693.1827652525628
2656.6068157940426
2410.4986094768387
202.87795793503062
3038.747575235848
1945.3858907409217
3782.778814461484
3773.0100175126586
3102.1169959890517
2647.41385024807
3093.9162281658428
1654.5314836578148
2078.07376813605
852.8442695076354
693.1827652525628
1576.238364920006
522.1986222314422
174.0532930962908
852.8442695076354
3836.6230107182414
1225.9977711974393
1530.9604244528061
726.9383874840506
285.4643481617321
3956.3885297305897
1288.7979405891278
3037.984345206081
1530.4798793592483
702.8740714473407
2874.148937400405
1345.295194678359
2069.0276174866194
702.8740714473407
1455.5797240802547
235.82424171911182
566.733968363177
4007.8934621126973
344.771194670884
2086.792360684095
693.1827652525628
2860.9600137634634
944.6356521798381
3090.0360388259487
2865.005046019513
2043.1769447909603
852.8442695076354
199.38711507682265
2639.5502181749102
174.72415129590394
1566.2083527096465
692.9402306926248
3581.089267222448
560.3861364173533
399.5754640635331
2410.4986094768387
1438.9388373945887
4022.096851074711
2865.6673950801865
2071.6554890609973
3850.3593065879386
1603.1957540762207
2092.549070598461
2429.113810598585
2675.1264582888957
852.8442695076354
2458.6951030771556
1061.3364019479122
2876.137493160644
791.4466188935473
693.1827652525628
3966.535487725037
397.5168808879206
3425.14486025428
2054.454995512706
3964.2825104513972
1411.818903667946
111.33654424481989
2458.018447795949
2766.142175103867
2458.9190823103872
2087.5942058419573
1503.569944226949
692.9402306926248
2444.501139838383
4015.8835238260176
227.66718555283742
3850.1515629748533
2446.7994098182726
3467.704881152409
353.41537188639694
296.03109422963445
1667.603453580431
3927.0727037017946
2084.9413756409917
1411.818903667946
3517.624174177469
157.35115450960393
1288.7979405891278
1498.2083264019823
702.8740714473407
2850.72401538639
1654.5314836578148
2649.5931084614226
2657.269164854716
100.53313804235961
2025.413125005354
3416.4583974741554
3466.3056553747983
1101.3786011917036
3095.712178024385
4065.1858399027687
2412.0732757641704
3950.809264468832
3954.010527717406
704.2010537245895
3261.95734357589
2766.154618138654
3513.9326733075704
543.2056376683332
1901.8697397614596
1591.4144703503798
3962.408399308882
1933.972412617211
693.1827652525628
5357.332972577321
1104.1729721070265
339.87557592666
2060.6086772418084
177.91591566151698
3036.1285282899016
3512.170605423465
2334.3439571527692
693.1827652525628
248.03208541013248
3093.9162281658428
106.20341711313769
693.1827652525628
2461.27160024103
172.29446305412338
2411.1726412497324
2044.0834972738796
1610.1703911413208
189.2223456228102
548.1255128313136
3095.208228416011
2073.329872979529
1664.1237047653701
702.8740714473407
4158.185259888735
3102.901648743287
4061.857008081865
2672.211127019802
2785.398456406612
3100.348727881396
692.9402306926248
1932.2277473005229
2708.48816715351
1624.1841380638964
4006.791700757437
3405.4507433919866
1455.5797240802547
3515.613894975631
505.9471645198024
6371.86021334462
519.0788353134523
3595.9599548276847
248.39722030688583
252.392452372742
2446.7994098182726
285.1793064135099
1934.8673102829152
2060.6086772418084
2089.1539061386734
3097.4096146723286
1530.9604244528061
205.64184669455238
2658.978571790841
2078.8441879510315
2411.1726412497324
1030.4460185713651
702.8740714473407
2426.5011518157166
1923.04783359827
217.23782964601864
2426.5011518157166
1587.586100902995
1129.1951793905378
405.5734856695014
3640.698211053107
1407.6449823224818
2086.792360684095
1349.975795318985
1901.8697397614596
252.2496973577144
3593.7693632888872
944.6356521798381
693.1827652525628
2088.3665141883066
2089.1539061386734
3818.2749390084473
692.9402306926248
3104.6190281179024
3100.348727881396
3097.1591798392938
2424.404668102264
206.03208469472654
2410.4986094768387
1334.5347098572074
3246.9009103911344
295.51228499209617
3093.3049860236747
3792.8195831341745
2088.3665141883066
2643.6933504872673
2656.6068157940426
2632.7817531899977
1589.7944693968384
500.26586539124
2423.4894497292808
2465.6211188470174
2583.7622371027946
705.1914048597276
4114.45903567951
2411.3992439912768
3093.9162281658428
1416.448492720782
3106.7082723654867
851.6794062543725
2047.506076561543
4033.277151303794
5414.019974555636
2410.4986094768387
2064.3725207230555
1253.9151752534353
692.9402306926248
6442.247789522292
2065.2926881324565
3742.2431047126047
1705.5940214137518
2656.6068157940426
1286.244076915817
320.3378044222332
1455.5797240802547
692.9402306926248
572.3241813856723
702.8740714473407
4062.31857741557
1430.8837371251402
3737.2429239828116
4192.599569437824
3092.8626781244852
158.7913903075413
5426.6903663185385
1911.8584617639524
1416.448492720782
3466.466893414267
3101.1580727512555
1530.4798793592483
2881.5016636051337
1545.7184366031395
2582.315235287886
3093.3049860236747
1577.113186531439
3118.448878845409
3088.46950184281
320.56035950314805
1414.0963342590608
3823.640353906457
4005.783873342194
511.12870496898364
1349.975795318985
1026.5725926469472
2084.9413756409917
4131.482268286487
3962.0846195838717
2060.6086772418084
3711.4371283849796
560.8739107462841
1458.2017088472655
1686.5428660905823
172.6574418408088
2412.0732757641704
298.1250309307424
2657.67963911117
6321.3435906288805
1602.2806431595757
3090.0360388259487
3092.5145340988597
2410.4986094768387
1455.5797240802547
1813.6586865995498
293.91131873364077
3973.797627739213
692.9402306926248
4850.820820844546
3090.0360388259487
2650.899109546808
2427.814018597943
692.9402306926248
2646.885629241232
1968.9510210107849
1901.8697397614596
4130.508319444766
2415.019756559748
1293.07418893284
2058.647452464057
2063.3176491765075
1686.5428660905823
1588.9814000646566
1657.155329390793
2410.4986094768387
1545.7184366031395
693.1827652525628
3096.374527085058
2443.709871266708
2873.3290345196688
1609.3002854770598
4020.764463830266
2575.8780205706703
2410.4986094768387
2931.71482015469
280.5352821622647
310.90219064094396
1552.3194359014105
2639.5502181749102
2087.5942058419573
1609.3002854770598
711.1508164330934
1552.3194359014105
227.4584828192255
1929.723572887864
4085.6648889430076
880.0279382237629
1548.3863449394428
168.07017678420488
1411.1529149855105
1549.006953125262
2609.894043951653
1901.0569604981108
526.3919368456868
907.8563806763417
1593.0910691037009
1458.2017088472655
2959.5574045342555
3093.3049860236747
2047.506076561543
794.0523965841987
2411.1726412497324
98.08860040799932
2865.005046019513
1929.723572887864
1724.6910944517672
338.5432455174378
564.7195764930193
6430.251941755389
692.9402306926248
694.4960348469516
3964.0235131742097
217.780853179561
1589.7944693968384
2574.1006768018487
544.5021005985608
252.60110937253597
312.36998394171104
1251.1459119817023
1508.8605432569204
1470.1935376450124
1517.2181150447461
1600.699963264948
1430.129696411107
1552.3194359014105
771.0024402049147
2439.958825548336
2457.504587761192
2086.792360684095
1102.4418296034942
2852.2510346706795
4034.260455912695
1353.6740282580104
79.72848064928552
3744.0303726356856
801.2523011822832
1574.6650821532796
1007.9297571536842
1101.7213648954075
709.6316447706713
2585.7543011065295
1582.69456741101
2439.058191033898
308.6127450393614
243.03299886834472
1412.4761749012375
1857.475726651499
2073.329872979529
107.9053312323757
2088.3665141883066
1602.2806431595757
1590.5761967549324
4017.2713670748853
3966.5758853463417
5033.932485792605
2078.8441879510315
1030.4460185713651
3822.451246946568
3087.2135860876315
3963.827264787984
693.1827652525628
2649.5931084614226
2865.6673950801865
297.70748708662137
693.1827652525628
2063.3176491765075
2842.2127188913873
4057.338454499604
279.9560913586222
1007.2623960349397
3914.2531964302334
451.9789501721452
3100.348727881396
3674.459203224896
3514.1700852135505
853.3245056800288
3101.454646928378
4080.110440988108
237.34123140373097
3030.626346687756
3095.758863729976
1615.1275890257982
2579.261619777678
3666.5384553277872
2046.6566138920693
1593.0910691037009
2063.3176491765075
2063.3176491765075
200.18823470680277
693.1827652525628
1458.2017088472655
2414.2190515743155
1901.8697397614596
3101.454646928378
3094.578577226516
4054.17641642409
6420.390983465414
1574.6650821532796
2092.549070598461
702.4019230338545
2786.2990909210494
3093.3049860236747
2589.490318468347
3962.581307765257
2512.669994023757
289.5728438278689
2752.459239165941
3097.4096146723286
2075.3356447738406
4025.0081577003707
1409.4839091856422
4018.0747903645192
2764.5849399741405
2078.8441879510315
1934.8673102829152
366.8146014658
2063.3176491765075
2479.7970738926197
702.8740714473407
494.23288784049294
3788.110863389937
3095.712178024385
692.9402306926248
550.7584732968994
2054.454995512706
3506.8722620254575
692.9402306926248
1063.4248666452695
2078.8441879510315
471.0906893716825
1461.6544537174536
339.50611861077437
930.5590893504425
214.3022531342342
2865.6673950801865
692.9402306926248
3100.348727881396
717.2720148421627
437.053256224853
503.96325668578356
917.8542180382183
1577.113186531439
1598.9608107643446
1666.387295970901
875.8452755180424
4118.80571926496
2411.1726412497324
2073.329872979529
2577.325022385579
2063.3176491765075
852.8442695076354
4010.1918211555503
3117.7865297847356
3511.7651063976623
2723.0970962834836
2063.3176491765075
3097.1591798392938
2658.929163583571
2525.198482467077
2464.04413917592
693.1827652525628
3115.7286921287446
1552.3194359014105
2098.953181755819
3809.1210456141107
1441.8820752215508
3403.8885378699124
3094.7519878385833
4103.372289263097
3511.566155788458
1901.8697397614596
2786.84545822152
693.1827652525628
2412.61358669329
595.8936435781186
3538.276523623363
2073.329872979529
2411.1726412497324
3458.4990628876644
2458.018447795949
4008.4236039965404
2876.137493160644
692.9402306926248
1007.2623960349397
288.2213609211788
381.3348443045689
2073.329872979529
1487.4789730451698
1580.9138133191582
2571.304763176971
5013.4194908795835
1293.9464374213744
401.34400308600067
2925.984418499027
2488.6965485746377
2639.5502181749102
1566.2083527096465
251.39181916599253
1202.5695379645676
693.1827652525628
2860.9600137634634
1422.20423969181
1409.4839091856422
1501.015782992329
1923.04783359827
2575.8780205706703
4008.8852102680917
339.8618206201371
1101.6611539044839
1686.5428660905823
2086.792360684095
3972.620254962659
1591.4144703503798
1458.2017088472655
427.70805224003385
900.9506675250294
3506.1249096149354
2646.885629241232
2064.3725207230555
1417.2667496115935
917.8542180382183
3093.9162281658428
1304.392366179714
3767.5969856590955
2861.8621836830016
247.42626604015513
3101.1580727512555
1960.072664555758
5610.766985713615
398.88894242448714
2766.154618138654
1458.2017088472655
2865.763861730193
1412.4761749012375
3460.4308477342993
2571.304763176971
3093.9162281658428
3974.588506825252
1443.6598045617927
6151.630531250353
291.4486281821335
2786.958600763659
2536.855505044937
702.8740714473407
1101.7161202762027
3117.175693943653
705.1914048597276
3839.4509065164184
702.8740714473407
2694.5746152778115
2633.284330189497
3106.7082723654867
1470.1935376450124
2078.8441879510315
1593.0910691037009
2707.703514399275
2013.7670398625328
2465.6211188470174
3101.454646928378
2655.800391990704
2044.0834972738796
3468.1121507594835
2790.5211425683838
585.5935519717091
269.4390183253482
1455.5797240802547
499.0171077356749
2410.4986094768387
2912.475229011405
4130.930785431709
2512.7100601687166
3830.6997529215087
3092.5145340988597
3838.5619043085803
4000.231015151537
3117.7865297847356
1412.4761749012375
693.1827652525628
3512.170605423465
497.7734714040326
287.5159419819504
705.9672308823416
1558.1733049378156
3535.269351770908
692.9402306926248
1007.2623960349397
1250.2256778282724
704.2010537245895
1409.4839091856422
4059.344728540567
6368.340164341861
3036.1285282899016
702.8740714473407
3095.6728782724667
234.9324453663435
2639.5502181749102
1291.2265113627184
1610.1703911413208
852.8442695076354
1561.9250772414468
3089.871195909793
1552.3194359014105
2865.6673950801865
3102.1169959890517
1349.975795318985
692.9402306926248
1349.975795318985
584.9367500100988
852.8442695076354
2655.800391990704
134.51711676998121
4127.337960584148
2460.3709657265917
3093.9162281658428
1926.8595276715703
1145.0261724578268
1516.5274860840445
1007.2623960349397
3101.454646928378
2876.6800938165748
504.841257873514
565.540281820215
4011.2899950681162
3010.155252824033
1712.9804119051034
542.0158776035793
574.5707449139029
2852.2510346706795
561.1032260420468
853.3245056800288
2863.926082467741
1587.586100902995
5640.213065666105
852.8442695076354
170.55757875984727
2411.3992439912768
1934.8673102829152
5435.70788409229
1667.5009475123331
3510.509882465407
1060.24155857129
3262.7205736056576
2013.7670398625328
2865.005046019513
97.63068556262556
6353.4365700745475
191.941023023698
3091.784662933638
3352.1532415846564
2765.370879810452
853.3245056800288
2782.251219446936
705.1914048597276
354.87324742265054
1589.7944693968384
3094.7519878385833
3092.5145340988597
1669.9446280882019
2047.506076561543
3091.122313872965
1593.9362232490541
2756.504271421991
2458.6951030771556
551.8774836169279
3092.5145340988597
6314.040329433335
2098.953181755819
519.4475053879711
1414.0963342590608
2063.3176491765075
2060.6086772418084
1934.8673102829152
3596.4884060333925
1576.238364920006
290.29609871916307
2102.663312359673
1934.8673102829152
2926.9711737063576
3349.6610016111863
279.34440067671625
1118.1601247851709
3106.7082723654867
1901.8697397614596
1354.4528682197931
1602.2806431595757
1602.2806431595757
2069.0276174866194
529.0914673712858
3428.6135310299733
385.2683422971592
5484.488143714252
2112.1913214595943
1891.0503600205368
1007.2623960349397
851.6794062543725
1146.1192675379045
6278.86939402331
2000.4838964099542
6365.9202678935035
4063.914872291185
1501.015782992329
1924.7524759002488
2615.144987150354
3514.1973654728677
3036.6789605171425
169.98160564544082
3485.47198684866
3921.9176677227215
1934.8673102829152
692.9402306926248
1891.0503600205368
2569.179493404614
5427.201605754909
1438.9388373945887
2479.7970738926197
374.0475075522213
1530.4798793592483
3049.829729841623
2617.1195387413095
1349.975795318985
1535.1513953658746
1129.1951793905378
2660.4280107833706
3117.7865297847356
4024.1974534792034
2086.792360684095
1667.5009475123331
4052.497173710626
3107.37062142616
2658.0538176089512
692.9402306926248
3089.447580909199
1438.9388373945887
852.8442695076354
2638.4782608740197
4025.9992197921506
943.0244408634569
2086.792360684095
2063.3176491765075
1561.157870460673
165.36624199020068
2076.3662383128826
3044.6169169899904
3958.416201047228
170.9334588235925
2837.5160221937854
1327.634994855269
2969.993013726686
6235.694152175355
1801.2178484369733
4026.132896206938
1293.07418893284
327.2382062331191
2693.502657976921
3846.1032715387473
2458.6951030771556
1502.015069610618
693.1827652525628
4084.4190834107894
354.72046892857395
2761.4347937871444
186.10549349211922
703.7752530480636
900.9506675250294
3512.627317820367
3843.5336451257394
3766.686430171353
85.2520901784202
2062.4092003760384
3514.976927138485
2766.154618138654
4873.428714798954
244.84860809068263
3791.6319316007143
3466.7738425869984
308.1773958544502
5418.392027536724
2424.404668102264
2073.329872979529
692.9402306926248
2629.015737101736
2588.647765467718
226.07121721136045
694.4960348469516
2425.305302616702
3095.712178024385
222.12738056693857
3271.2089623057464
3913.732737688554
692.9402306926248
1606.8799139853927
3632.4094159155675
166.9459566151476
1602.2806431595757
3506.171356173261
226.74135121150627
3104.6190281179024
2069.0276174866194
3761.2559203293204
482.3808291553497
3119.2335315996443
705.1914048597276
2657.867639053448
2864.3168599152846
692.9402306926248
2933.161821969599
2915.992095012164
493.86625459015806
3101.1580727512555
1602.2806431595757
551.6091311004651
2089.1539061386734
2443.709871266708
3954.4611244574785
2086.792360684095
2866.4520478344216
544.5573340557163
2865.005046019513
1593.0910691037009
2069.0276174866194
1485.4532711847778
3348.960095758989
2852.9133837313525
3708.534990667298
3106.7082723654867
1412.4761749012375
2862.227543653404
1593.0910691037009
1635.4981451309593
2756.504271421991
2415.1196860887535
105.2921744123306
3116.3910411894176
1579.3726303106803
3045.3801470197577
702.8740714473407
4189.1638682549055
1924.7524759002488
2402.124614264443
852.8442695076354
4045.9946408250144
704.2010537245895
3078.4725427930784
2658.978571790841
1655.3367648257133
3124.8624500317414
1455.0023898353115
2653.4624180524306
2098.1034815236508
2658.0814971615114
3515.157182578729
2877.374066775719
2055.2964606615765
1610.1703911413208
3910.125384327559
1601.472852692097
1501.015782992329
692.9402306926248
4053.6769800372904
2646.885629241232
2410.4986094768387
2412.61358669329
693.1827652525628
310.18962049209534
1554.7095220540625
2788.9275807887066
1288.7979405891278
2527.2343142300233
265.60004575783734
1576.238364920006
2917.967263082363
3093.9162281658428
717.2720148421627
907.8563806763417
942.1066187248359
1926.268095551137
2410.4986094768387
875.8452755180424
3091.1631961599614
2063.3176491765075
5239.983083926021
2625.465186042227
2656.4627410513776
3261.95734357589
3026.7398848263724
1547.799795486633
1582.69456741101
1610.1703911413208
558.0593039045992
546.0244003267711
2073.329872979529
3824.924011426722
693.1827652525628
2569.8643595548556
2458.6951030771556
693.1827652525628
2091.028655370254
229.5804976791544
2402.124614264443
2073.329872979529
250.43836472111312
692.9402306926248
1530.4798793592483
2724.206799231262
702.8740714473407
3092.5145340988597
3623.7829913598953
3091.667145768335
2087.5942058419573
2043.1769447909603
3045.51399161932
2878.1939696564546
3970.588606143031
508.78626161315526
1891.0503600205368
2581.7013126071724
1121.7987867418547
270.89529240611313
3090.0360388259487
3767.479870331542
2877.374066775719
2086.792360684095
2571.406787800052
2574.1006768018487
3090.8044341674085
3982.953385595747
6326.052106824875
3548.9743968734206
3088.46950184281
692.9402306926248
3548.4796019514874
2756.504271421991
6165.423106832191
2784.7543922372543
1501.015782992329
851.6794062543725
2458.6951030771556
4131.8288229109
1412.4761749012375
3088.46950184281
3349.6610016111863
3100.348727881396
3065.3238894128804
3268.3146731277393
4970.2151039914415
1901.8697397614596
917.8542180382183
3089.259953767625
2410.4986094768387
3101.1580727512555
3093.9162281658428
2941.7217882985883
3093.176883159533
2099.677876569467
3842.788882271727
1589.7944693968384
1932.2277473005229
1767.6273106549734
705.1914048597276
2112.1913214595943
548.1720462417001
2757.9512732368994
693.1827652525628
2865.763861730193
693.1827652525628
5202.5571381714135
1530.4798793592483
280.98752618647814
3093.9162281658428
2073.329872979529
1288.7979405891278
2410.4986094768387
3753.0306667657032
5510.180250943228
4062.1867853600756
2063.3176491765075
3097.1591798392938
3513.9326733075704
3962.553282821394
3511.8152379526105
1044.8302503897448
2856.3701496120434
1106.0121661517232
3116.3910411894176
1349.975795318985
252.14686452389404
5222.459363391202
3826.0510756785634
897.6458664345869
3835.0951236571495
1926.268095551137
693.1827652525628
1007.2623960349397
2094.263980573992
2781.3534241505618
1964.4092609854827
3512.516143804807
1288.7979405891278
